2 0.041449252451550234 0.038308362742815905 0.5323021301831344 0.4952381688164589 0.3793630208464869 0.1327386038427671 0.36180205186125064 0.007873911946438699 0.7315487046052696 0.5917125090130193 0.15447486356893714 0.93569779288439 0.22111633627421012 0.3187668551648279 0.4649428085000736 0.1479271611777038 0.550035879352009 0.512512098301875 0.14519101539350596 0.2356857018637602 0.3228606110435058 0.1671265461657153 0.7123097464661579 0.08870781217745706 0.8800250047626933 0.05883832026505996 0.18826669159582224 0.777202372035614 0.6449823739383962 0.3996591966753227 0.5502010113177005 0.694140927867639 0.6148806195849555 0.2357298857802044 0.3754492953564601 0.8378756452478744 0.5128275103129221 0.941053680361556 0.8676870098065868 0.16276107000860057 0.16986450276961418 0.6125347958984169 0.7371564526331997 0.24520152978741128 0.5085402915663114 0.12090521815678773 0.022481008581098083 0.14320007971498547 0.26350904241613976 0.3357917931542084 0.8383516075014348 0.9356607265814968 0.6524283908942131 0.581005174129922 0.010160961190036049 0.8434893594759125 0.735972981422238 0.24385854257696593 0.5817257402926147 0.5604751737896939 0.3212486491809807 0.8112853078554768 0.47047922951170806 0.762703280097719 0.6162849619177594 0.7200664758262041 0.6560185855437398 0.9361352512474076 0.10931177058050211 0.19073329179548013 0.7576305607634986 0.4457309038254545 0.4037413746192805 0.5911408994057056 0.6071464284203753 0.891143561003291 0.12543065348257554 0.3585094666066558 0.04726688543075552 0.9025164791335086 0.5767235895489824 0.9854462460564459 0.1828514788798825 0.5091963792553793 
2 0.7460727913721599 0.41341399815095964 0.48932871290485574 0.4623240459721254 0.7010377514635298 0.1176669093142825 0.1253263755522976 0.17586325023004284 0.6038775948214108 0.479568701723128 0.35720424106793663 0.8591504386207851 0.44782806730894764 0.6053362322690987 0.16565998019507175 0.20200928480657362 0.504479120072745 0.564223553406379 0.012882698063453324 0.4970818880712553 0.9578415674992704 0.17853779871913983 0.980010589984551 0.15096063859097866 0.896717240261291 0.06369603939640511 0.18438335439236503 0.7685080574510645 0.9848296703498551 0.9811323853185324 0.1023248631183889 0.588690862611138 0.760517266041848 0.4665827162610972 0.47070739634825187 0.4521242225003227 0.045305407219596305 0.37753609265932825 0.23877417131216114 0.13351671316913202 0.13666834463398644 0.11093207799411728 0.5050194086487604 0.7372034201405823 0.3370518921290496 0.07069106027532553 0.09677837079762022 0.2387079706735884 0.5664064431201215 0.19836146676856484 0.7593833873283975 0.9625471964696677 0.2666618591335337 0.4790981317207159 0.07227618076470783 0.42033682414528983 0.647310575503038 0.436663698044073 0.9971247473394736 0.8241685847596967 0.29407559853598 0.2701930243559474 0.15299189522736867 0.7193490601700708 0.19378283918098002 0.7108554518628187 0.015074379445144725 0.8247729325796735 0.8056508013515458 0.17056381902103257 0.654549735855888 0.290859580494398 0.11125249161539494 0.6009917077910465 0.7898676846296051 0.31549220180086196 0.7091927367696482 0.683063315583287 0.6355652270045332 0.5526175756475725 0.5078992027776144 0.9028654076214496 0.8698727419444482 0.042774682130682834 
2 0.14575579059296248 0.31482116709314656 0.08637216187607036 0.7969294968995492 0.5724679356605525 0.28843990744839487 0.3426987733248095 0.12879424391896072 0.6009339206844038 0.5366169921807297 0.18915724643098114 0.9756056394580458 0.262210966990819 0.7857227608336839 0.407035201701539 0.5255025270891266 0.48098981559444043 0.3227374900898009 0.2059607957822538 0.10823466662110579 0.5636351967084796 0.18002063005509297 0.935760126488342 0.1485555877455514 0.9849787531862263 0.024597310136315234 0.3465393705107839 0.036394261124455624 0.6533827290526347 0.720995989753932 0.22394023046042777 0.6661684645363873 0.5180289689532149 0.9336520634164667 0.40097854387643467 0.550882428122886 0.094490749527811 0.9129010027967741 0.7493653898585397 0.3575535472842867 0.2933881240594044 0.7056338912548807 0.6922910113795492 0.2586322034142745 0.8012090083170592 0.748312709404859 0.444139021759265 0.45539594554317636 0.625313273106507 0.4233777218493575 0.7855919039091769 0.9753259394337148 0.5256871187263252 0.3154544261604086 0.16122466328384485 0.42335097977308334 0.3018872494545315 0.500949478713582 0.8254267992043168 0.6207513344761726 0.22386422638593637 0.9212057795260272 0.20206163214069117 0.8775486370114994 0.5362191434246711 0.698101983317621 0.644618430491873 0.8277749065730555 0.7484378178400877 0.16428983581764825 0.19612539869071113 0.8499937841915127 0.24698859146288202 0.6699694193500048 0.27728429613481786 0.8578924111476904 0.0716985261835365 0.5331576384413385 0.48329374177664386 0.5695349672076337 0.8889554449947281 0.5384127812841958 0.9328707609132969 0.8938491054646652 
2 0.09004373409226685 0.7174799107791427 0.45018825717612654 0.5460512369427946 0.29129825564666695 0.6966763985368994 0.557479050051004 0.14651918563951982 0.4298229221510239 0.6619180927778855 0.19232463017663592 0.8548831942962288 0.10570926603940867 0.01545341962666942 0.5194590104892901 0.07467167807094635 0.6713904365383343 0.5114952099802725 0.24675245006074686 0.06536173662523774 0.9887081096242851 0.3092391353222379 0.6142079918159606 0.5291319084882697 0.586111296706225 0.036083098819216876 0.32804902755558274 0.47615140427397507 0.1397222278305928 0.3697998226167479 0.8371075497870797 0.636735028420111 0.2197700254994471 0.8794987792133551 0.25402528329260116 0.5066288789540383 0.08867122509911624 0.9909812904469913 0.04169134117294476 0.9966646146646053 0.11843235258613738 0.05415256897844237 0.6146505195475589 0.21630285408242078 0.8289794946024966 0.7042404753295061 0.9298046796675458 0.6220506489033774 0.7327032661368799 0.13712277796586664 0.8227124949132519 0.6415572878802293 0.602232530356648 0.17837200137528303 0.04415463898201548 0.4549134291858898 0.7126129939002268 0.1699000646179399 0.7680351658990339 0.936083002526794 0.2578916116650418 0.3269091117843725 0.5361510763436815 0.6428156585651154 0.7216012125986468 0.7386184782500796 0.6892916679759649 0.8282888517778068 0.029098198004080256 0.7069536510413968 0.20467222421671769 0.8824459100003612 0.22631247009528416 0.7007443590792172 0.5762947543516767 0.1503485862973034 0.2696876219019516 0.843955481054696 0.049876769475622584 0.8836536742790624 0.6032130874900548 0.6005885129731738 0.9986606078638744 0.6304467651318411 
2 0.174504079470575 0.23590109357257982 0.13934580612471884 0.3461469703860448 0.5883916824484764 0.7841752402015034 0.13433133335647435 0.13532462190699668 0.5759579204006332 0.5304752742663081 0.7811165315894606 0.8096495347997911 0.29712058292280497 0.7740159988272809 0.5212068193177853 0.17818083852284264 0.6159376924522971 0.33140673494219347 0.2172501949379127 0.17269318665181865 0.6806576026916149 0.23706199590226107 0.624046973273723 0.3477198886708963 0.880576272378851 0.09405252642146789 0.34889288241264066 0.15985586277576952 0.026450895571989652 0.21207550708151834 0.6337967285695957 0.6841546110225667 0.5234248709992028 0.6400826922751093 0.3958550536230629 0.9652018629715853 0.11717463838940641 0.9806451646366607 0.8083221188965768 0.571555556467103 0.4971778577825621 0.48084026838795546 0.3429388994833612 0.24127687471649253 0.11254279021179549 0.21259486226033214 0.44504591344377903 0.4021270472799377 0.05322738326628779 0.4494342343251301 0.8861113159894014 0.8905614121841904 0.28698433846162 0.23209282315396668 0.06051502443843143 0.7659163189898918 0.6914524491374534 0.10620310879738476 0.5158907904831582 0.7267865353436826 0.30904974338301466 0.9094694147533173 0.5524575881596324 0.6603617926800135 0.6432735133918159 0.7533309188790056 0.7971395481508714 0.46752744036545013 0.21381998720827006 0.17846414414381515 0.9475538054665023 0.431697627778711 0.9595571130245539 0.5844537511646211 0.5595249637545695 0.26108458155604447 0.4192194359002046 0.5352962587059952 0.2059786435194709 0.9403431618362696 0.9144038012654341 0.6461513243124352 0.1291967472252325 0.8342171500603939 
2 0.8032212695732837 0.7405072159249553 0.5134369176579223 0.4603432439450974 0.8309080918588854 0.19043175028857884 0.38341339100061494 0.20500448706171598 0.6928703521494802 0.4982436631709786 0.6906936808445773 0.6514057588527427 0.2872704100978979 0.792195405575117 0.5274932081084674 0.47915156060522435 0.6548077711448962 0.485317625113029 0.0586539506685779 0.2418411111253836 0.6611734177691564 0.22559275862241218 0.6381155360443965 0.27883667019041397 0.9544672034222789 0.056368063647670136 0.4262313663974262 0.18903523794678528 0.9762654820721599 0.10803323377766802 0.5500239165357241 0.703267609806187 0.5455889755903842 0.10626887204137564 0.40088063350391057 0.9652018629715853 0.12334366188183583 0.7476711382153228 0.7887166483373266 0.2994959675673811 0.4288277739956758 0.44900840803658904 0.28260748052676876 0.22141359320787699 0.12183640216585923 0.7243962601864091 0.04168642052575677 0.5064795362792025 0.3391769016792237 0.2793880504508308 0.8041127170193155 0.9961121950955145 0.428929601960074 0.3216277381857405 0.061470032346741484 0.3040893004792033 0.775382274375617 0.09861925295512416 0.9114528960331525 0.5352594530980408 0.36549629929271704 0.9185647609566239 0.5758199846584574 0.7611250297845791 0.6387049410668919 0.7378792686711603 0.8050473357110144 0.6148480090286931 0.8923416038557117 0.09876217222202271 0.11076092244850866 0.8830309786603138 0.9549748780098126 0.5496330973810248 0.25681645727203917 0.2709329722086477 0.29848159357801607 0.5397533892323072 0.18789246069224647 0.9479152789061247 0.9144038012654341 0.71034717967479 0.5466066675431511 0.7962359354049628 
2 0.8032212695732837 0.7405072159249553 0.5156017641091833 0.646949968785593 0.8309080918588854 0.19482419608745258 0.38341339100061494 0.20500448706171598 0.7071328968398984 0.4982436631709786 0.6906936808445773 0.6407764276743857 0.2872704100978979 0.792195405575117 0.5274932081084674 0.4795580261684337 0.6548077711448962 0.485317625113029 0.0586539506685779 0.2418411111253836 0.6611734177691564 0.22559275862241218 0.6448886324245618 0.27926888605614414 0.9544672034222789 0.056368063647670136 0.4537302565414079 0.18903523794678528 0.9762654820721599 0.10803323377766802 0.22050876720095805 0.7023085259987851 0.6134342181872863 0.10626887204137564 0.3952646030293549 0.42768178724512024 0.12334366188183583 0.7476711382153228 0.7887166483373266 0.2994959675673811 0.10009958667843036 0.44900840803658904 0.28260748052676876 0.42382560156795057 0.8806951625262776 0.7244127594191588 0.030970652181200986 0.5064795362792025 0.3391769016792237 0.1232431326416816 0.8041127170193155 0.9961121950955145 0.38339692906122297 0.3216277381857405 0.05893627515746546 0.3040893004792033 0.7726359224547878 0.39206259833779467 0.9114528960331525 0.5348078521381507 0.36549629929271704 0.9185647609566239 0.5758199846584574 0.667414571840198 0.6387049410668919 0.7378190699359747 0.8050473357110144 0.8173955304240023 0.8923416038557117 0.09876217222202271 0.11076092244850866 0.8830309786603138 0.1267847169694704 0.5496330973810248 0.25681645727203917 0.2709329722086477 0.9127023785843695 0.7935520882283916 0.18789246069224647 0.9415716775346845 0.8957071077271059 0.6948280845375058 0.5466066675431511 0.9811586871833372 
2 0.9065172137149614 0.7550605283624257 0.4927202179116419 0.8592428554275997 0.7525044318283023 0.07296971579317102 0.10590713067617417 0.17300153181342737 0.16647414894563423 0.6089381486026891 0.7060667803808609 0.8479434074404043 0.09748918786856735 0.16495717540280905 0.5366261533849543 0.7214732270609303 0.6155075240027077 0.5507645015787925 0.26338336401601364 0.8543905438062307 0.3698607286412082 0.19218549544705493 0.6243391017810331 0.15953261643333885 0.8962466135478051 0.04241965168223011 0.306327140985578 0.4625850474736164 0.6633724557340313 0.785254964896808 0.34990299169480377 0.5877329315395571 0.6515048680242628 0.054092776812739385 0.420523241862654 0.7899776935455572 0.0863117731818148 0.7090242085906291 0.15901610138831052 0.3584819818631639 0.14248758693028873 0.19526651587303018 0.6642730014180218 0.15981877017250923 0.8721984175543823 0.18323332477269783 0.8913412662864401 0.3609675232592161 0.012502281267733145 0.41791765626045585 0.8718058497938428 0.9825565088998446 0.6811890961700018 0.30108559000366447 0.19114864362750245 0.4559447822592281 0.6378523829343519 0.5126588345699999 0.9957005161254938 0.6192180793911585 0.3595349833523212 0.09783811414166238 0.559656055325894 0.7086984034721736 0.6538993368080609 0.7373219090468133 0.5469691513520002 0.9198182136476158 0.8672012145298386 0.6779148377176919 0.7938121683516166 0.77947723517679 0.18837668523563603 0.5663389414922294 0.7143476449944306 0.21823259500837872 0.09074434182828905 0.1221176122199053 0.4519674980090458 0.9673308960718962 0.577549513780278 0.5960471199718176 0.428358644666374 0.8596354441123605 
2 0.7900094083094809 0.7405072159249553 0.507280584465774 0.4603432439450974 0.8309080918588854 0.19043175028857884 0.38341339100061494 0.26264547207748395 0.6928703521494802 0.4982436631709786 0.6906936808445773 0.7226747111445367 0.2872704100978979 0.792195405575117 0.5696509460976483 0.3372345027753632 0.6548077711448962 0.485317625113029 3.21618056295242E-4 0.8872077191450918 0.6611734177691564 0.22383138573821587 0.6408076303673214 0.2832998721863473 0.9544672034222789 0.08621199018410713 0.4104598493423056 0.0652439895076693 0.9762654820721599 0.10803323377766802 0.532893811111814 0.7334469427876492 0.5455889755903842 0.13643166866880027 0.40088063350391057 0.7087278238117753 0.40943567555776605 0.9249092927723725 0.7887166483373266 0.2994959675673811 0.4288277739956758 0.4526478414135451 0.2112354985530388 0.34372399399573533 0.12183640216585923 0.7243962601864091 0.04534783456482408 0.6164265969224545 0.6808941469160568 0.27160396713145873 0.8041127170193155 0.8976650603271674 0.4205412272684296 0.3216277381857405 0.061470032346741484 0.3040893004792033 0.8122134806516759 0.09861925295512416 0.9114528960331525 0.575553032760812 0.36549629929271704 0.918464237322886 0.5758199846584574 0.7072868298104878 0.5464840646689005 0.7378792686711603 0.8072769142371544 0.9758457181018644 0.8923416038557117 0.19164199299507326 0.2611132674724825 0.5681084111112554 0.8720564281544626 0.5496330973810248 0.20546257477223567 0.2709329722086477 0.29848159357801607 0.40581175041422857 0.7028549892412557 0.9479152789061247 0.9144038012654341 0.71034717967479 0.5150411108619456 0.732568717037746 
2 0.043334041351359875 0.3681448017793081 0.49991517738951663 0.46871233775352017 0.8306862334934579 0.11507546283955344 0.45283657940708966 0.22218968269189854 0.688806304073396 0.6512062036201237 0.7145148432899582 0.8409334357387717 0.04452316197828651 0.16294404794898554 0.5654089343097393 0.4074519388536808 0.9044493210835757 0.2919760056103038 0.06683358698759301 0.6907798977559485 0.3696605210668658 0.24130605880592007 0.20767476593072548 0.2515953103222828 0.9495923426428625 0.1868883450990813 0.31402909525176226 0.19814492142464873 0.6168247307815082 0.330365260106988 0.32159662566991826 0.7571746342989443 0.4922705536526004 0.1306872731937041 0.4530621252754373 0.8728606441541086 0.13522985070548724 0.5828952125103666 0.6788581181681812 0.07425473711176682 0.4937248186799571 0.530372318972154 0.28458954013067483 0.2265008402980526 0.13804360583392533 0.45447921899491367 0.5228117739298848 0.07921067123913125 0.37145180991027843 0.2701147454447718 0.8370367037460028 0.9662699972387828 0.5718052321730754 0.3038125096321191 0.21092992024687507 0.3295197185793469 0.7729612812975512 0.12505954290031923 0.9117521126895876 0.5320439650106621 0.3480856081151796 0.9228709155375305 0.5073855438590598 0.6796756490788883 0.35494155047675785 0.702601137686826 0.6949353287445736 0.6002356706282953 0.6775026621400311 0.17806112581679587 0.43315407978389453 0.4534257546259907 0.01896884382191112 0.5768163639457398 0.5096783574408802 0.9825858829104208 0.7931811007688607 0.47479625901122324 0.06466482103570506 0.7630277558232154 0.8996683929145515 0.9028967105378669 0.877145290183128 0.7410291893286797 
2 0.12866310794593044 0.33815617413699994 0.09432999678701415 0.7969294968995492 0.5724679356605525 0.28843990744839487 0.3427722814168144 0.12879424391896072 0.6009339206844038 0.5366169921807297 0.7832472048387056 0.9758791876492318 0.27340664799244396 0.7855026114378013 0.407035201701539 0.5255025270891266 0.48220613015927305 0.3227374900898009 0.20547648099429355 0.10823466662110579 0.5636351967084796 0.18002063005509297 0.935760126488342 0.1485555877455514 0.9849787531862263 0.02860283764188245 0.3465393705107839 0.036394261124455624 0.6533827290526347 0.6718346107607263 0.21640282070026767 0.6661684645363873 0.20954586469871445 0.9336520634164667 0.40097854387643467 0.550882428122886 0.092985261538097 0.9026582406468229 0.4118803583138717 0.3575535472842867 0.2933881240594044 0.7056338912548807 0.6922910113795492 0.9842037328447085 0.2540106747670913 0.748312709404859 0.38348587120666267 0.45539594554317636 0.6225077382028982 0.4233777218493575 0.7855919039091769 0.9753259394337148 0.10042770755352295 0.38629926310614177 0.16122466328384485 0.4240334449329332 0.38981103648831406 0.058915895369980736 0.8254267992043168 0.6207513344761726 0.24981612076683682 0.9086743864544078 0.5329122833738303 0.8775486370114994 0.5362191434246711 0.698101983317621 0.644618430491873 0.8277749065730555 0.7484378178400877 0.14220266855198424 0.7543868987594156 0.8499937841915127 0.2474957307197013 0.6008636869870515 0.27728429613481786 0.8008640862311713 0.0716985261835365 0.6889259898710429 0.48329374177664386 0.9238772841995413 0.8630061316359582 0.5384127812841958 0.9328707609132969 0.9082956604518009 
2 0.18981428420551152 0.10515973762684885 0.5802656543707179 0.97533562036133 0.6844799344705231 0.928455855492495 0.5355726836493324 0.13600046034663513 0.31828272370610844 0.6251096092204547 0.26926955060142327 0.8692199739179928 0.20786824131528284 0.044452326812361664 0.9375903085932111 0.1425149932261558 0.886289894381366 0.5471209316956591 0.2377793876608935 0.8908182385285415 0.824803653173799 0.196432120950497 0.8264082748195973 0.19247798135979258 0.9481373116524368 0.061769347996556756 0.8334398415677647 0.08622136556258668 0.08763483628318502 0.9724598200244146 0.4107203855514478 0.5709412313217723 0.5939013346311135 0.18670018188546597 0.6062530382251837 0.46830873886417324 0.03549018346814781 0.41574708896416773 0.7957973109130599 0.2772871357589092 0.29625931048728193 0.44206825377112546 0.5062018367154445 0.7487517278886399 0.9455253891315416 0.09402054580060104 0.026754903294467725 0.5543142971269183 0.16118631575843206 0.2390030490380174 0.523328969523887 0.9949777421432647 0.4271518309073074 0.6682627822454402 0.016339133061355704 0.28432593963133374 0.7838663121328392 0.22558390969453931 0.9133042815513374 0.9700782123040153 0.30182604655776485 0.09815583746805412 0.4310504564466092 0.694218101759954 0.662445056102897 0.7184017964044217 0.8277325444628323 0.3954285774742905 0.6707880765217458 0.5308634448815012 0.10865570853763301 0.4122579212491333 0.00299728546029843 0.5452234664160853 0.5573721626660962 0.7485411618527622 9.727486690449538E-4 0.5180141970335865 0.2158978737036919 0.9454773632388436 0.5741721869075188 0.6927102605557194 0.21536320676658569 0.9851742865790274 
2 0.09004373409226685 0.7742159107946898 0.45018825717612654 0.5430378938519164 0.25770814734536285 0.6966763985368994 0.5033866966634256 0.08985394142901358 0.4298229221510239 0.661733513539844 0.7250870171000667 0.8550339138758996 0.12964500619858124 0.1808970125716303 0.5228375440326232 0.07467167807094635 0.651050323115849 0.5114952099802725 0.2465764110378331 0.06351548823010199 0.9887081096242851 0.30865013304612515 0.5475349239027831 0.5291319084882697 0.586111296706225 0.03269805348301309 0.32804902755558274 0.5207138880179 0.1397222278305928 0.3697998226167479 0.8371075497870797 0.636735028420111 0.21305054726379877 0.8794987792133551 0.2501526874560803 0.6744337054554034 0.5072051429530758 0.2859055602316959 0.7835048890282594 0.6594993557222404 0.07471253551279844 0.053778064450682804 0.6313063351145013 0.21630285408242078 0.8599880730166611 0.7042404753295061 0.9147129050447733 0.27541096865348413 0.7327032661368799 0.13712277796586664 0.8251561814607922 0.6415572878802293 0.602232530356648 0.17837200137528303 0.04415463898201548 0.4549134291858898 0.7126129939002268 0.17983288243359832 0.3337839231567707 0.5712314098662752 0.2578916116650418 0.8620433744931677 0.5851044011334336 0.6453619564560867 0.7279060589815718 0.7393098406651651 0.6893004982702824 0.8270401541822633 0.8547084242528893 0.7069536510413968 0.6306565376933162 0.4649955888027416 0.1578549596871392 0.7007443590792172 0.5770778923378492 0.20284884525381736 0.2696876219019516 0.843955481054696 0.049876769475622584 0.8826755827005235 0.6053116019100451 0.6005885129731738 0.8167652085659942 0.6304467651318411 
2 0.7695069444361392 0.6145875145916491 0.6791159933691231 0.47930227368303935 0.44650042988023714 0.7552184913050627 0.5186294596037333 0.09048235786043062 0.6775721532131127 0.5304989237239965 0.7016206053148748 0.8558910172044134 0.1117058532622611 0.1652039721227081 0.5270151477621906 0.47915156060522435 0.47440296047120056 0.32372980223523584 0.05054509969414296 0.04882338979285303 0.9264057486625037 0.23949089018938935 0.6429364607810705 0.2744596992832327 0.5120713996674211 0.0969784366310143 0.31727880497018063 0.18903523794678528 0.9197726054616254 0.36134106459573473 0.8325507170175095 0.5637883991699907 0.4846902856467445 0.8570232979639637 0.40088063350391057 0.9652018629715853 0.08448737394621031 0.9738783127467973 0.7899801919693145 0.6715218165927435 0.41337342228429486 0.6633286479026288 0.6321594574072942 0.22141359320787699 0.24932814554364813 0.7243578678121485 0.7879979873056826 0.06769677987498535 0.14551395635449482 0.1338308141790599 0.05399115248352515 0.9011690723640666 0.24709733218771812 0.29210817265141925 0.043101651140958534 0.4532651760457108 0.6318435795897732 0.08496592957256707 0.9114528960331525 0.5738221933089275 0.25939012175025905 0.8750312024677295 0.584626011943712 0.7002726277465632 0.6768868011931775 0.7388344750462147 0.6676849532509986 0.6214409674985881 0.9433127871174319 0.18970799085431284 0.9607100570448913 0.3782530269011696 0.9600002736664568 0.5768679648961215 0.5797016693914461 0.26108458155604447 0.2726553820216811 0.5283263166279872 0.06316281872713284 0.9485050022398994 0.9144038012654341 0.7122093788424071 0.4951504760006542 0.7962359354049628 
2 0.11146218317816584 0.3246166148915511 0.3601451859116652 0.34258500835014694 0.6735332365795111 0.08478178865536323 0.1302248601555549 0.2562656049161394 0.4298448376553078 0.5494181621288041 0.7144454595735965 0.9395602914123202 0.09623072781119933 0.1860130016817911 0.8361630831322462 0.07459099567029187 0.9770237362941958 0.33147736709146813 0.28461036423902586 0.6754923008237457 0.23442717025194176 0.2982801782570681 0.5547420082812444 0.539106155572031 0.9539891538912165 0.049677725251433894 0.41761096656908464 0.5207094172267369 0.12885221137528513 0.37006983362235235 0.6467511394226981 0.6429713217588559 0.5782553370072799 0.09618080272808649 0.395841546021722 0.6599597291839747 0.030552969918402006 0.38757838832800756 0.5490376175951168 0.6776063116899684 0.5005571772722387 0.729164674642392 0.5736119200190932 0.15791853389832128 0.8910915447978282 0.3108104834384505 0.8324461529871093 0.3497358334350257 0.9775680420122218 0.10775954299474615 0.29454798960301054 0.6394040366514034 0.7700914054445105 0.17921846475161063 0.026441994425361492 0.5717734827380037 0.7081775335378845 0.1028176998998881 0.91885700531183 0.9184017772865923 0.2539736077866621 0.905636733079737 0.4559655549945748 0.6347906555118443 0.5417082150547023 0.7224138214662027 0.6799298812475977 0.8167391117025082 0.6392930436206897 0.22277821003591664 0.2709793641278051 0.42366795020164194 0.030042696067153332 0.6621862291125141 0.16197625940523386 0.8823945640941577 0.44403672221901386 0.9711565947242822 0.23414972971082076 0.7737463528032206 0.44951120060522926 0.8591010096636359 0.16465865111372502 0.7834191230794509 
2 0.7747448600789411 0.6521149640372839 0.6482356521270728 0.9261381155206081 0.4752587983265209 0.2811787959410794 0.49943901504553767 0.0958245848587278 0.21491476329880488 0.5236985043236025 0.39582096100457265 0.8544496717347487 0.10585315302248217 0.23059738106152444 0.1601302520523715 0.1225551140435169 0.5051318264743374 0.4992541839787311 0.20349568687057407 0.9160630073791242 0.9921181202431224 0.3011746600890757 0.7960834871678919 0.5097809848453265 0.9377532690550737 0.0480167621200413 0.746961065076189 0.5297170923163876 0.22958946610944939 0.4325817719787016 0.21082806089738013 0.5861970082786285 0.21249037816207283 0.9471264079418298 0.8058934837602223 0.8728992867604316 0.5028755794880876 0.31174305783535805 0.7064898414829816 0.11898337217445627 0.12090002414040793 0.03611464535623411 0.21141822202488522 0.801987573284322 0.82856016976084 0.7791886691049905 0.11870811884955096 0.5687764654047465 0.032028524739925374 0.30749916988284953 0.7673722475870085 0.6369918255819923 0.8927380415562445 0.17892412519803486 0.12086482127977942 0.6553803754555766 0.9213848462689214 0.5583989680578889 0.8619750404998043 0.9814408350523915 0.2873119503613842 0.8188820376561734 0.8727232069807506 0.7863092329148391 0.23625188460968916 0.7308948875301986 0.6939708106174639 0.8168058495167516 0.06321902445359806 0.18345812657790334 0.6517519164636181 0.4758160958805747 0.09362698002173228 0.7212052741657774 0.5551365315421135 0.3327379238911882 0.8987911657745392 0.42279069956990745 0.028254562819452055 0.9618101498818256 0.5739287183394441 0.5752720196774825 0.28847625078819444 0.1171191332433753 
2 0.8087108671797586 0.32109467771620503 0.49586021877494174 0.8456458390886278 0.7244878041085605 0.1189597185431037 0.31359561605766406 0.17326222560642612 0.13649012856327808 0.6052485499636571 0.7060667803808609 0.641689211431932 0.11877835284420966 0.16495717540280905 0.4448644074818439 0.42705706010134575 0.710701248010542 0.6331773230754214 0.16034919605809828 0.41124858512037565 0.8979359876756041 0.2427036586474468 0.4020249976779257 0.3371188557969698 0.8900370073862565 0.15367294528126071 0.45786409805705997 0.1808605765448691 0.733793759394096 0.21254719021411486 0.4743504969201457 0.6914804589055958 0.7620067976020453 0.13990759892549737 0.4639165366195012 0.7641562307954828 0.47227601988721307 0.8444187076415612 0.7846723538049138 0.3584819818631639 0.4673497077010279 0.6357493452397264 0.7039123703324323 0.15981877017250923 0.7189599200913891 0.6351842716951489 0.8662038248305818 0.5694769845442635 0.012502281267733145 0.2916057142617683 0.8068025670073342 0.9075692214104162 0.8696600177567753 0.6833506826224578 0.04564488787087087 0.2855852290512745 0.7839043757968602 0.1710818854290281 0.99077583611583 0.537265902187155 0.2525658729649512 0.28989410021619005 0.5593088891119367 0.7510441754519944 0.3615776023817389 0.7104769466951804 0.5460670056342937 0.5928039852595013 0.03383352864081651 0.1592430950903974 0.6808531353279115 0.3280289193841075 0.020190785238232006 0.5882843578759015 0.7308752660636005 0.2692339100388615 0.1343719009767702 0.540042427920084 0.4790013862571941 0.9717872921348563 0.4614982219406337 0.5410086015269409 0.843806323162333 0.27465489486387407 
2 0.8087108671797586 0.30619016043500324 0.49586021877494174 0.8520636260023677 0.22825699557034362 0.6754340080889893 0.31359561605766406 0.14552522600260545 0.3891559694261547 0.6052485499636571 0.6447929113370465 0.8613868429505841 0.11819109804321055 0.01889740118606746 0.4448644074818439 0.09460460307236176 0.710701248010542 0.5104523581683106 0.24935929147681485 0.1321518320204984 0.8979359876756041 0.2427036586474468 0.4020249976779257 0.3371188557969698 0.8900370073862565 0.15410898156773453 0.45786409805705997 0.1651835094678129 0.733793759394096 0.21254719021411486 0.8411797658080599 0.6882118245597005 0.7620067976020453 0.14902576027385034 0.4639165366195012 0.7641562307954828 0.47227601988721307 0.8444187076415612 0.05121085900073141 0.3332431561340313 0.4673497077010279 0.6357493452397264 0.7039123703324323 0.15981877017250923 0.7189599200913891 0.6351842716951489 0.866084767300404 0.5694769845442635 0.6057188009247882 0.2916057142617683 0.8068025670073342 0.9075692214104162 0.5705547260949174 0.6833506826224578 0.04564488787087087 0.2855852290512745 0.7124335983043935 0.1710818854290281 0.9804353310893674 0.537265902187155 0.2566879029807725 0.28989410021619005 0.5577529586373455 0.7510441754519944 0.3615776023817389 0.7405698647706945 0.5330708555209946 0.5928039852595013 0.02985303822153538 0.14764805441766332 0.6808531353279115 0.872770067232346 0.020190785238232006 0.5882843578759015 0.6177463657721174 0.16130807556987686 0.28486723404239395 0.4967398622172152 0.10245223529280137 0.9855577087229442 0.46497407357448506 0.5095673856887162 0.843806323162333 0.27465489486387407 
2 0.08361599723157082 0.32109467771620503 0.5314986824291369 0.47678430157709184 0.7842953153192334 0.11893638135405375 0.3123182595086904 0.19529709067651443 0.6928119283919884 0.6051937895145562 0.19863803161921315 0.8626779166981937 0.11877835284420966 0.16314969614403377 0.5366261533849543 0.14827976218644365 0.7161697686274641 0.5090654968216545 0.2025352064037464 0.939480146092535 0.31423255840919323 0.24391267030101926 0.6182476605652921 0.3425996691362634 0.8652451135454463 0.05707627343986804 0.45786409805705997 0.15901368104490604 0.5805067780094169 0.49148063100800254 0.4743504969201457 0.6919380670128206 0.7620067976020453 0.13721222145385373 0.4555185922615265 0.6393883424232931 0.5085303272387808 0.560875990984762 0.3193946006883716 0.1621681031202168 0.4485227333744332 0.6058661018598102 0.7458163178706595 0.26189885942574553 0.8255325650920884 0.6387742581096656 0.8913412662864401 0.5694769845442635 0.012502281267733145 0.4030248960424807 0.8384198965473517 0.9253729474980561 0.6775484150172024 0.31016767507247156 0.020848862255542652 0.899464317557634 0.6477074396207445 0.09381058475770532 0.4686418065386646 0.5421657741123732 0.2520932689245525 0.28989410021619005 0.5593088891119367 0.6759174715946197 0.35766183675478613 0.7196337819403933 0.5341799301373048 0.6376233979980621 0.1510403320703538 0.1593187969596363 0.7497877184827947 0.768295653214047 0.00837491725763767 0.5844498346539778 0.07831453214989947 0.24561875466448096 0.13450878800256683 0.3634445115427957 0.473723157271495 0.9540971590535041 0.5771428834032638 0.5460386909162618 0.45802901062294527 0.8218037957507436 
2 0.22933895761551853 0.3354606003169227 0.5442764610701546 0.32449413751274714 0.8309080918588854 0.7841752402015034 0.4136008938179531 0.10738225278232479 0.42830276423153013 0.5977908836458184 0.7145515754028913 0.6047589737007047 0.26574053971724326 0.22645793863491948 0.42410075895773064 0.10794924979057333 0.47440296047120056 0.6575476812896921 0.2493313625489837 0.05517080485343717 0.802862614656711 0.22544787644108177 0.6161228098198877 0.29218853184880633 0.5726188682991034 0.012720935855385179 0.3282616894248866 0.5310052501112542 0.14228464121809198 0.18926990609378896 0.666511783861236 0.5646289409067189 0.3129452360388705 0.6400826922751093 0.39820848068640347 0.9652018629715853 0.08368658461300449 0.30077725332663735 0.9559573900635723 0.5822188663172015 0.15748191355983154 0.48591594633903323 0.6083826472623208 0.16781878094118752 0.2742575878841158 0.7353587834480116 0.9076902734128892 0.2580832778420383 0.8938301923529894 0.19805286269196437 0.818449192518549 0.643860326289073 0.2878476334956877 0.28241932361502264 0.045964426050261326 0.45461482074738757 0.7122680030687504 0.4411013485199681 0.6504421305071092 0.6401501616219363 0.31745413604814837 0.6907629196496607 0.5564137373330033 0.2801464447998394 0.6404782778470918 0.7179286618193222 0.1161164435901153 0.5649429472223421 0.9582865584508395 0.6055718776874005 0.9530609524085271 0.6949332984881587 0.9247307478385665 0.6992680175466246 0.31785803397579726 0.2613347117551538 0.16205751698535867 0.5620664005384166 0.0500234497535263 0.8823478025275453 0.9074293358016392 0.6461613350026871 0.49448189027046263 0.14297746854974963 
2 0.32144841641636 0.8101935806418742 0.42820650163143625 0.46680709113662217 0.8307109339952126 0.18609005687897381 0.38319275412718956 0.1996135150863542 0.7286660040518809 0.5225383518665053 0.30454420449019465 0.8544852699711252 0.2248589229943373 0.7503674694733831 0.5228914136603071 0.18880823125423396 0.6488687055784856 0.5462385536175507 0.21670545238194125 0.22601554742664642 0.9517880755627748 0.2541783370192359 0.5321747050663057 0.3237667998544392 0.9336574295328105 0.06770909393351743 0.31184026504390927 0.02139357480736291 0.6426832413320099 0.7506838125975894 0.5321417689757756 0.5400566871586268 0.5240065909541729 0.041026950415985884 0.40700994867705664 0.8554638564737239 0.0925018998417111 0.7371544336303103 0.8338367762875895 0.7303685057653387 0.47022839872373684 0.08148262436185963 0.5213694446261529 0.37501142397531967 0.20099814921420753 0.7281256255955877 0.06492830151150186 0.5689667092100454 0.06375344409769401 0.4254862891517212 0.17577151532398302 0.9914019194015948 0.6597378669896863 0.31511011906140407 0.16401749080342848 0.33593737500309995 0.6510555227446092 0.5195029835691396 0.8255764115369709 0.6605749095214685 0.3836371656070786 0.8117775452106599 0.578450305183189 0.7635032572143845 0.5519939008622646 0.7529238347194119 0.7123959786099937 0.9129853907728569 0.14991033726378614 0.6091492215781029 0.24077925288084406 0.4394888356990798 0.023555695937557894 0.5520393040662829 0.28400814848554223 0.21236782158327866 0.12474014165289277 0.377940274483571 0.17545886566084887 0.9392816508066958 0.4157260755223776 0.7434102820773154 0.4699404367536363 0.6448544306636648 
2 0.918543754159744 0.5068253691064525 0.1693566860903699 0.9529150203014434 0.7566162013119799 0.20814002819342364 0.31978406118443276 0.12105799313889129 0.7533081048833075 0.49844604693455746 0.9536073858673331 0.6348108887759553 0.28673735697528485 0.7761649498446741 0.5315310051120276 0.6088086645775952 0.8701952674071215 0.5104089163255541 0.2078086846976274 0.7128955110614603 0.9418214570320794 0.19880803530800156 0.6235435782760602 0.18854894914322104 0.9515332401523816 0.10036262136386508 0.42609555315212655 0.0807124530660289 0.6333081535735223 0.38131297025803595 0.36505724711057685 0.7387746182932293 0.2249174219819645 0.9578191090680663 0.4755945497138719 0.9122918786206576 0.4736324589351887 0.9466715292273736 0.28492317302904846 0.2576759899956409 0.4980921894781993 0.6169496985999977 0.6636839694420315 0.23164543738071125 0.23175593702099417 0.7108833944393366 0.6340685096290324 0.3493139809820866 0.8936154011128099 0.28275214259843834 0.7811982814881657 0.9936932824202551 0.5562878857679859 0.24885397006253518 0.0808347271477485 0.4366556099375998 0.7850213147712057 0.1377055399711236 0.47722031252166414 0.5350622759197362 0.41861719545668363 0.2538777003123202 0.6052526923777847 0.693783587109664 0.36742071938357335 0.7221293939143203 0.8827445309236754 0.47922382448052037 0.03405251835262855 0.17770257089005057 0.9606280081690409 0.7222604491580299 0.11370947629640182 0.5071697081910803 0.5128548646433085 0.2678178072074247 0.11324052549906877 0.44432644557536927 0.41003319810461425 0.5011601563243829 0.5887096263441729 0.9834628779555825 0.8899188364755672 0.1938504015095221 
2 0.09004373409226685 0.3441414704976921 0.48814599552784704 0.5715737422584823 0.6316839354127508 0.9031565420161096 0.5515164181204597 0.1447919525397768 0.4298229221510239 0.5375664552827173 0.2502865974259757 0.7840984026816897 0.11335196690555828 0.2782030471674651 0.5228375440326232 0.09724550198721577 0.46764269158275684 0.5262662641565987 0.2483032883440974 0.07545834699475096 0.8011828230564838 0.3320939489068989 0.6085435749220295 0.5241510698576072 0.8282754020793863 0.03239631208675411 0.34594870813574685 0.471010215192137 0.1397222278305928 0.3697998226167479 0.906732677980848 0.636735028420111 0.01693492729663809 0.050042345114582554 0.25402528329260116 0.6579146324056886 0.18928156135604285 0.6044583340755716 0.7826905117746308 0.22903800113469258 0.11476818091469965 0.05418763071651415 0.6737384599514528 0.21630285408242078 0.8274447945740226 0.710963487840334 0.7764905456218826 0.6257264690001982 0.5856175693352472 0.4578824605176748 0.5908807027258556 0.916263222563498 0.21229252386896483 0.17840702197424657 0.04415463898201548 0.4549134291858898 0.7126129939002268 0.1699000646179399 0.3699284198218798 0.6388094147814233 0.27229161138576924 0.7858819631850702 0.5918641938819604 0.6460554550725569 0.6459954893811816 0.7029434036944042 0.49202235337038863 0.828490193547958 0.029098198004080256 0.6762685701973374 0.6016288441487855 0.4920278574984862 0.885411525807615 0.5664737046266686 0.5771947476686852 0.7845560372288919 0.10289984407450994 0.6363764165801138 0.04682101190467872 0.883652409351783 0.7977506588190356 0.6005885129731738 0.8813055643757624 0.6304467651318411 
2 0.19040019746445125 0.09793018245466469 0.4274444194523896 0.48625817819665845 0.5990944226230712 0.08142517224138413 0.3385694712275197 0.14103410606082437 0.6918951044095226 0.5432916703999638 0.6842242206108515 0.7924372998957914 0.10972826680139063 0.14392030549628754 0.4208515873853263 0.5131254838635843 0.8348048198906124 0.7477680007242021 0.24304309689468817 0.28860211658962026 0.6691008773342138 0.2091983257975212 0.5360052460321364 0.21900476854225684 0.9080613928950801 0.18233019986267607 0.4494205989585091 0.18452889390402388 0.7034565537089263 0.3598179762558297 0.9861075315823326 0.6869636242938851 0.5395031338672216 0.8043236477511534 0.26153726369446606 0.4909183486171298 0.10888657802625124 0.34646760810121213 0.6895855463630615 0.1399633970500478 0.4782824648256824 0.5060914969602599 0.13108928683855042 0.27113512360805575 0.202282810112383 0.5938843197434045 0.40255079307532304 0.6193402633030854 0.24568725133210922 0.2997851441019806 0.7898417685662865 0.8850346183278448 0.41462470610478735 0.36648161674160246 0.2360997164682272 0.2768385080017028 0.8239753797064645 0.07504538842993715 0.9386988700721027 0.8912859712077975 0.2290289019051331 0.16642356045363454 0.9263599867831509 0.3505103552602221 0.6230336119095661 0.7462352707551497 0.061955173011328406 0.5486798326159116 0.8422267566848997 0.07925449014926729 0.10915338583571599 0.4257245178481967 0.14605287741237194 0.6467771618871089 0.5373713752550068 0.9060254371510321 0.2140890532789809 0.5488535829216804 0.18375631737118517 0.8779273426028118 0.5776546090503313 0.74636209266556 0.4318623216064572 0.10199209355156025 
2 0.11737340743823704 0.8101935806418742 0.431464100630356 0.44787714936348616 0.8503151377928377 0.18609005687897381 0.38319275412718956 0.1996135150863542 0.4294721505991215 0.5238176829880892 0.3002063786996422 0.8544852699711252 0.12862528847721488 0.7503674694733831 0.5228926250985388 0.18720580807307127 0.6541773968291954 0.5104865498595674 0.21670545238194125 0.9480369940298983 0.9517880755627748 0.2541783370192359 0.5304328469436257 0.3237667998544392 0.9579152669814575 0.05457480939553183 0.31184026504390927 0.08981696411693824 0.15183675558732249 0.3608792415700714 0.5454268072864582 0.6255179525926552 0.5240065909541729 0.9176098644581343 0.40700994867705664 0.7005627639455636 0.13801694853550012 0.7371674570774094 0.8338367762875895 0.6493858752334779 0.02223198747039734 0.08969344162282614 0.5213694446261529 0.17039175685791916 0.17167376805822054 0.7281256255955877 0.04682515362843492 0.2691169790255778 0.5585711700308595 0.13863824375081196 0.17577151532398302 0.6609308113272145 0.41711859504089954 0.315626259086192 0.16446703505169658 0.33593737500309995 0.6611114560542236 0.5558131480613122 0.3458284276314698 0.5746742140412868 0.2579414495381839 0.9181482432218465 0.6060060265502025 0.7689999112830644 0.5519939008622646 0.7369833687385896 0.7123959786099937 0.5333356136190471 0.11902873983268597 0.6776633058765206 0.2371715531252904 0.3593137148846714 0.023555695937557894 0.5447963763473798 0.28400814848554223 0.21236782158327866 0.9561173114849857 0.6126162072492989 0.18307757469892685 0.9642244682153861 0.4289908240518213 0.5897812741388139 0.29388721892366065 0.6448544306636648 
2 0.577997248969365 0.306301040778964 0.5038844642663993 0.866628705369203 0.6800574497562399 0.7896473074418884 0.3123182595086904 0.17326222560642612 0.7330665790066957 0.6072204753630698 0.7140272622792424 0.7279331527814822 0.11877835284420966 0.1598079787244219 0.5366261533849543 0.09314460467050596 0.710701248010542 0.48782861419293777 0.24733563084060534 0.8735538513301803 0.8929714621929693 0.24221323978079096 0.6233443157854686 0.3425996691362634 0.8900370073862565 0.06038841984058387 0.45786409805705997 0.1808605765448691 0.6354098410002998 0.11564064310751743 0.835946474458348 0.6880229985434357 0.7620067976020453 0.13608913354540475 0.27823178461135833 0.5578974316662841 0.47314767374771227 0.8444187076415612 0.3206084067922511 0.35973675802085064 0.4316363382134933 0.49567101727715407 0.6850147687049203 0.1245423834241462 0.7189599200913891 0.6351842716951489 0.8678467782983231 0.5694769845442635 0.5530622859617916 0.3400270392994653 0.8068025670073342 0.8908339318860997 0.4777001332967958 0.6865463616983537 0.04229221070282067 0.13744860373281875 0.6477074396207445 0.5126588345699999 0.9957005161254938 0.9310974516250136 0.24539607449804285 0.13212924582242772 0.5541384145744331 0.7437244268079769 0.37705276030802576 0.7419118641530797 0.5330215247756931 0.628610312743158 0.011534697363287938 0.14772057583107123 0.6477100274862809 0.8021890976718908 0.23810039643717384 0.5844498346539778 0.6356266499477301 0.13843673878647966 0.12553767655454096 0.36362339439894886 0.4501681742356259 0.9809303733491551 0.4647392532682474 0.5425577385638429 0.8382673534817009 0.29863602813742085 
2 0.1707492359117731 0.23805696774255802 0.13934580612471884 0.15766640351638916 0.5883916824484764 0.7841752402015034 0.30636314464984216 0.22275152911462465 0.5759579204006332 0.5341615386503501 0.7811165315894606 0.8096495347997911 0.29712058292280497 0.8014837781023686 0.5110463800535119 0.17818083852284264 0.6159376924522971 0.3174722839261213 0.20635172435887478 0.005481226126048733 0.6806576026916149 0.23706199590226107 0.6252470229518702 0.34813146875882217 0.9554414654684835 0.09405252642146789 0.348837130432909 0.15985586277576952 0.026450895571989652 0.21207550708151834 0.34213970060718857 0.6833242162100582 0.5731611494568696 0.6400826922751093 0.36751791617232776 0.2403385030962099 0.16638247705901052 0.9806451646366607 0.8083221188965768 0.571555556467103 0.1422544890807764 0.48084026838795546 0.3429388994833612 0.24127687471649253 0.11647810513388344 0.21259486226033214 0.09976162659299553 0.4021270472799377 0.05322738326628779 0.4494342343251301 0.8972246776456487 0.9889837794785141 0.28698433846162 0.23209282315396668 0.0853122867089685 0.7659163189898918 0.6885826038933578 0.132719264964959 0.8532137930598902 0.7326948592685484 0.30904974338301466 0.9133922508439518 0.5231794425861591 0.6604390946291305 0.6432735133918159 0.7533309188790056 0.7981043902772555 0.46752744036545013 0.8494979903437365 0.19105572505483115 0.8939789682641572 0.38526243845680985 0.9595571130245539 0.5544146247928509 0.5595249637545695 0.26108458155604447 0.2927608379528365 0.5352962587059952 0.19941700229327358 0.9403431618362696 0.9144038012654341 0.6679478580512183 0.1291967472252325 0.8344850983807891 
2 0.06291427451784706 0.2960653768578748 0.5439802218876966 0.4960421696502704 0.6094700585567066 0.2759093183028793 0.12924381278069902 0.116540057235865 0.7310701062105702 0.5842376575416398 0.23690014124935127 0.8471670417725845 0.26014141923288436 0.894826522798734 0.4681375474917833 0.11050863246898524 0.48225842078790165 0.6820140941062206 0.059087169969862754 0.04607949473263946 0.3204265997089153 0.22519634574884068 0.5505764935775997 0.28618764711527167 0.8322347251081487 0.03411866211579269 0.189126489227184 0.13337479272730324 0.6596733897114465 0.4050402424987801 0.7902786606792125 0.6875824126865681 0.5912394897026171 0.743929290075612 0.41409607707128837 0.7865006153509269 0.057931576891978864 0.9445104875537954 0.8049014779480701 0.19535245930656173 0.23041401821936724 0.8850086158034103 0.09054791830027187 0.24891241763625982 0.49772207094180937 0.9518234335485612 0.12542827642353205 0.3367031352832185 0.6502389627868559 0.41276716610386244 0.8259692439744776 0.8826037580003989 0.6677337789854364 0.3210724753451781 0.1541217180875434 0.293532782768907 0.7695216882771865 0.13731457614195036 0.6064526677301403 0.915389731455648 0.3745651471280768 0.6202095924624988 0.5601165784184606 0.700850607799123 0.6257788477331941 0.739411779010492 0.19369715370378476 0.9362638858348499 0.012192886992549501 0.16560422378261327 0.4654378282258443 0.4356592900104979 0.39772153157948 0.5805703506723409 0.7165873958592284 0.7019162700777141 0.1225995507016828 0.35122293710660146 0.5793617501781825 0.9636778985403464 0.40784961909818035 0.7135109168494568 0.002231755686855366 0.012312036293592829 
2 0.7062625081437172 0.6930842087582485 0.4224670901615601 0.9490267369405458 0.4823732092382041 0.3152368536643112 0.3385694712275197 0.14103410606082437 0.4210578255183487 0.5497004345343509 0.7683815792122226 0.8446507567684892 0.09397831464716393 0.1438899060659427 0.4218387787007098 0.5131254838635843 0.8348048198906124 0.3311779147624053 0.21312897188376534 0.9737517362010168 0.5843613991683798 0.20940598538057797 0.5381749068793302 0.1868120088351446 0.9353080478342853 0.18233019986267607 0.7480517740073818 0.20560071328433097 0.6760426812616325 0.4428086184199012 0.9699605626775024 0.5845326193101673 0.5390197885687978 0.8043236477511534 0.31394940344429184 0.9184897717744074 0.10305077406225949 0.34646760810121213 0.7989124560052433 0.1399633970500478 0.1470401765948832 0.4929002274792788 0.13107018264924894 0.28149134566879047 0.23875080232912205 0.5881698301765341 0.40255079307532304 0.6193402633030854 0.25564745450626947 0.4253150502110389 0.7898417685662865 0.8850346183278448 0.8910578921576384 0.1556214254713845 0.2360997164682272 0.2768385080017028 0.8226103964967448 0.1471459421427628 0.5780594828816837 0.8568609578834399 0.2868827014614123 0.8208509641381881 0.9423449098866127 0.6541299173926498 0.5509442744235229 0.7455121312127387 0.7498972559566339 0.8450465425141968 0.8540137019604885 0.07925449014926729 0.2841216531475938 0.47108820095094456 0.23907299689810704 0.7194412918007468 0.5373713752550068 0.9060254371510321 0.2581865531844724 0.5488535829216804 0.17157265854974366 0.8772276590544514 0.88809741756112 0.74636209266556 0.30121410545016863 0.10199209355156025 
2 0.7947729437014269 0.5068253691064525 0.1693566860903699 0.9529150203014434 0.7566162013119799 0.20814002819342364 0.5124301212852602 0.11970511495856223 0.6728377432925698 0.49844604693455746 0.9536073858673331 0.9595614586353514 0.05464921677763507 0.7761649498446741 0.5315310051120276 0.5688861696106498 0.8701952674071215 0.7393225244752823 0.2078086846976274 0.7128955110614603 0.9418214570320794 0.19880803530800156 0.5603662959662872 0.18899128147550184 0.9515332401523816 0.09936901644940135 0.4265954508067051 0.14154420557845454 0.19540711070654782 0.38131297025803595 0.9852084803927152 0.5717433410946836 0.2249174219819645 0.9564887622292783 0.4755945497138719 0.8986166245637577 0.459552257958641 0.8148476676518787 0.28492317302904846 0.2576759899956409 0.4980921894781993 0.6169496985999977 0.7638711098465089 0.23164543738071125 0.22660438355807083 0.7152665310344255 0.8685141579222395 0.3493139809820866 0.8936154011128099 0.281062275001832 0.7811982814881657 0.9952824652953653 0.5562878857679859 0.24885397006253518 0.0808347271477485 0.4366556099375998 0.7850213147712057 0.05589849474708013 0.47722031252166414 0.5350622759197362 0.41861719545668363 0.25027058013871306 0.19665061680686538 0.758450432457278 0.36742071938357335 0.7221293939143203 0.8834919991981711 0.4905456023254302 0.1327770223366227 0.20312748449960077 0.9606280081690409 0.7410511972290801 0.11370947629640182 0.5063576147688551 0.5128548646433085 0.2678178072074247 0.12793118839203937 0.44432644557536927 0.41003319810461425 0.7797537499327067 0.5887096263441729 0.9834628779555825 0.8899188364755672 0.9308558872651755 
2 0.4196099881844743 0.259387295388282 0.47118889789578994 0.5736955446779743 0.7689487815469465 0.117426017452675 0.5022380515981733 0.12321739733962128 0.6952273074023718 0.6080775056187798 0.6454998643748875 0.8401730281642407 0.07586430546213378 0.16681799629653285 0.4657917687649937 0.1497526066112616 0.7825357649799993 0.3332379024920525 0.07740875636933735 0.1307854489417058 0.36334097511235425 0.22730956257503035 0.6716526791786034 0.277917795700119 0.8245241658035575 0.14073942076998114 0.3155984673449156 0.19814534229422504 0.030079530590110412 0.11549300451020246 0.8673735823562223 0.6096246069397045 0.6091851186834646 0.22395034435705846 0.45388795134329185 0.8386460454878019 0.3156391045369205 0.9554975979119971 0.883933556411493 0.64999253114521 0.5292657994100858 0.78060635616962 0.35124407485414666 0.21272768407389464 0.26138789070663226 0.39764359905308333 0.5231005659127611 0.6239105098320057 0.7432886415599783 0.34973159677321286 0.7108390962917971 0.8948382021519501 0.5111519902086941 0.6071423897890472 0.08191739297584444 0.31600574977648077 0.7399193702513601 0.08170830412458702 0.342878357364144 0.5695533296138785 0.27442065131619703 0.865387515970605 0.12986411782227003 0.6793481525073528 0.674091566146348 0.7208638971386269 0.5297965257477049 0.5276707439458223 0.9529001431757587 0.21671545471058168 0.051692707510309466 0.4260384541786823 0.2500579452626592 0.8470121304593763 0.6483598871482568 0.13755072585085876 0.6962341966073793 0.5217413675566911 0.16644879649818878 0.9738612582655457 0.5876556122049724 0.7121488385896707 0.7920142068699445 0.7199006980590391 
2 0.918543754159744 0.48666982606684417 0.1693566860903699 0.5222018120278781 0.8528905018430611 0.08105208664366978 0.31978406118443276 0.1209375231319467 0.7533081048833075 0.49844604693455746 0.9536073858673331 0.623416475380672 0.28673735697528485 0.7630925558961101 0.5315310051120276 0.6088086645775952 0.8701952674071215 0.5076804189407137 0.8620321518490194 0.7163836269272769 0.7117840435985318 0.2005794874616252 0.6235435782760602 0.18854894914322104 0.9515332401523816 0.10036262136386508 0.42609555315212655 0.1411139547469294 0.6333081535735223 0.38368514184805896 0.36117424908958784 0.7387746182932293 0.22203787010698145 0.9916327997211981 0.4755945497138719 0.9122918786206576 0.0776466283092595 0.9466715292273736 0.28492317302904846 0.2576759899956409 0.499017603900446 0.5186468744794771 0.12468724104878226 0.23164543738071125 0.10101530734876951 0.7108833944393366 0.6325293139667295 0.3493139809820866 0.8936154011128099 0.2869274887953336 0.7856369168313566 0.9936932824202551 0.3343876574530721 0.2533589442563091 0.0808347271477485 0.4366556099375998 0.7850213147712057 0.1377055399711236 0.4749067243354946 0.5351793636739695 0.41861719545668363 0.14108585996895107 0.6052526923777847 0.693783587109664 0.3693673139101055 0.7212400798813442 0.8786459270134694 0.4903470707993089 0.03405251835262855 0.17765923770572392 0.9606280081690409 0.4384907579248635 0.11368116432619363 0.6680389862564928 0.5136155095980167 0.2678178072074247 0.9844847236062657 0.44432644557536927 0.41003319810461425 0.5011601563243829 0.5887096263441729 0.9834628779555825 0.34421963405838496 0.02747138515462777 
2 0.7062625081437172 0.6930842087582485 0.5144478310155022 0.9541259479270989 0.4823732092382041 0.36554155349565576 0.3385694712275197 0.23255733753527866 0.4210578255183487 0.4947114148353 0.7670622471879791 0.8446507567684892 0.25613992099240174 0.1438899060659427 0.4218387787007098 0.513282431502125 0.820406241040793 0.33447247524910634 0.06245460066708028 0.7863781237941379 0.9161141590454303 0.2089617269178712 0.5479728127773389 0.1868120088351446 0.9654569343352286 0.1549737904136511 0.8079107462007686 0.20560071328433097 0.6760426812616325 0.4428086184199012 0.9699605626775024 0.5836730036515965 0.5435903458367402 0.8043236477511534 0.36551419329088614 0.9742283071693097 0.12457944855013217 0.7755052889731031 0.7992173942398068 0.1399633970500478 0.403472762902003 0.4929002274792788 0.11803912892529572 0.28149134566879047 0.23875080232912205 0.5881698301765341 0.05400237305087943 0.607218333540008 0.25876962572440987 0.4253150502110389 0.7898417685662865 0.8850346183278448 0.8910578921576384 0.1556214254713845 0.2360997164682272 0.2768385080017028 0.8226103964967448 0.13033145179367048 0.8954234716989002 0.8568609578834399 0.2868827014614123 0.8208509641381881 0.5562211267874082 0.6541299173926498 0.5509442744235229 0.7455121312127387 0.7498972559566339 0.6125559344345863 0.9443293528078138 0.07925449014926729 0.2841216531475938 0.4637947120171298 0.048580155098330025 0.7194412918007468 0.5373713752550068 0.9060254371510321 0.2581865531844724 0.5488535829216804 0.17157265854974366 0.953503517268767 0.9073079642748697 0.74636209266556 0.2933417000148947 0.1885711160563609 
2 0.8212997811422901 0.7692505023687893 0.6482356521270728 0.8890697932606315 0.4752587983265209 0.2811787959410794 0.48775824048807304 0.0958245848587278 0.21491476329880488 0.523677440011951 0.39582096100457265 0.8525172235021572 0.10585315302248217 0.781646870317793 0.1601302520523715 0.1225551140435169 0.5051318264743374 0.4992541839787311 0.03758674641760518 0.9160630073791242 0.9435851065396081 0.3011746600890757 0.7960834871678919 0.5097809848453265 0.9547795896102549 0.0480167621200413 0.18656234693525464 0.512906485513918 0.2651441259697981 0.4325817719787016 0.514010262968992 0.5861970082786285 0.21249037816207283 0.9471264079418298 0.8058934837602223 0.8921162217605023 0.39352076377746453 0.31174305783535805 0.7177007203166026 0.11898337217445627 0.08731521318882562 0.030077356897580232 0.21141822202488522 0.801987573284322 0.82856016976084 0.7232530443250025 0.04068395947092939 0.5590232754146625 0.032028524739925374 0.27189015939392314 0.7673722475870085 0.6369918255819923 0.8927380415562445 0.17892412519803486 0.12086482127977942 0.6553803754555766 0.9213848462689214 0.5583989680578889 0.9182345628805775 0.9814408350523915 0.2950185564981201 0.922327927328795 0.8727232069807506 0.7863092329148391 0.23625188460968916 0.7308948875301986 0.6939708106174639 0.8256809898119116 0.06321902445359806 0.18345812657790334 0.6517519164636181 0.6072711906928392 0.20158344649259086 0.7212052741657774 0.5554050047917503 0.27917626886492786 0.013861705579326866 0.42279069956990745 0.028254562819452055 0.9618101498818256 0.5495524397483404 0.7028760915351467 0.28847625078819444 0.1171191332433753 
2 0.05310698706029282 0.31174052696224397 0.6480660473905797 0.6783036277381943 0.5403647760050134 0.2790035550149848 0.08368136677689594 0.09465971140095561 0.21491476329880488 0.49578277196252774 0.6972615138450764 0.9856513014915053 0.01934120347196064 0.23059738106152444 0.39152225914299743 0.12456511758521002 0.871842140633525 0.4574194271840072 0.25267740738257427 0.6945703401832972 0.9585080155570626 0.23860642372217897 0.7963672719054837 0.36014934242700913 0.8848290836411474 0.9649800053471695 0.746961065076189 0.5489599642199875 0.22896386608431052 0.3808941772972423 0.21082806089738013 0.5853835790176111 0.22733727054240047 0.9550849854494651 0.8058934837602223 0.8728992867604316 0.49526553192867434 0.40464535337420154 0.8717889722580711 0.11898337217445627 0.40895515016199 0.015882333077971322 0.08475240116207355 0.13390377669579312 0.9118040645094303 0.7791886691049905 0.11870811884955096 0.28072264969891286 0.8427412666829928 0.30749916988284953 0.7673722475870085 0.960245532915957 0.5964321157843115 0.2504617992961817 0.08045856010034728 0.6583264865694494 0.9213848462689214 0.4408543497173851 0.8192452773488788 0.9824851753045573 0.2873119503613842 0.6205282351350843 0.9164321925944535 0.6899188875152434 0.3894302635182366 0.7296550850819735 0.7021790433525271 0.48136381684774093 0.06435613258564016 0.18345812657790334 0.6517519164636181 0.7056161277808514 0.22850803256257776 0.5179737706313011 0.5166149056939507 0.2357008754198161 0.7462340956453555 0.41659784097197305 0.5402324756910616 0.8005430051371063 0.5770230571830748 0.3244746469476149 0.9467196048709035 0.0032822943833279994 
2 0.918543754159744 0.5068253691064525 0.2296279256222536 0.9529150203014434 0.5708136750443294 0.20814002819342364 0.3193146376112902 0.12105799313889129 0.7533081048833075 0.531885150044663 0.9287253616145146 0.6348108887759553 0.28673735697528485 0.8959108266115011 0.921108784553576 0.6088086645775952 0.8701952674071215 0.5104089163255541 0.2078086846976274 0.7128955110614603 0.9418214570320794 0.19880803530800156 0.6235435782760602 0.18854894914322104 0.9515332401523816 0.09149277693825236 0.4237965868328784 0.054648046376315124 0.6333081535735223 0.38131297025803595 0.36505724711057685 0.7387746182932293 0.2249174219819645 0.9578191090680663 0.3984772394553373 0.8382074822464745 0.09466194328053204 0.9466715292273736 0.28492317302904846 0.21040606392190098 0.49194467854003787 0.682613659604941 0.6622492022309583 0.23164543738071125 0.7636409490608151 0.7456159563078008 0.6340685096290324 0.46582517954109665 0.8936154011128099 0.2764773126799872 0.8720513971053142 0.9936932824202551 0.5252065925073981 0.24885397006253518 0.15998880106513808 0.4366556099375998 0.8614497412164298 0.1377055399711236 0.47722031252166414 0.5350622759197362 0.4177941045437186 0.16470246988910986 0.6052526923777847 0.9066884916217551 0.36742071938357335 0.718873960220363 0.8827445309236754 0.4149153555358129 0.008663783646275958 0.17770257089005057 0.23734561461855702 0.7222604491580299 0.11370947629640182 0.5071697081910803 0.5128548646433085 0.2678178072074247 0.11324052549906877 0.4461621721435487 0.41003319810461425 0.5011601563243829 0.8508301072674339 0.9502064612187042 0.8913963275920979 0.1938504015095221 
2 0.7983999228572548 0.17250788743542095 0.1811772801042326 0.9288467876643943 0.8528052934868552 0.08288723756755317 0.31771723598055307 0.22282241508027403 0.7448323230184895 0.4984369919528427 0.6858319214240106 0.6371081206783127 0.2872704100978979 0.7922123155132773 0.44780532000729184 0.6092759864386872 0.9131237797919026 0.4763452279154196 0.05743238062312239 0.7477194498940946 0.9078584681027628 0.20027885995017164 0.5034905007433338 0.19225347873215767 0.9632464664524033 0.1817837148178385 0.4262313663974262 0.14126715243901136 0.6225151227861254 0.20542713484945857 0.36186256425924734 0.7356312444762264 0.4804333530396443 0.9744099198573748 0.45572478084612406 0.283397064849603 0.07478793082036433 0.7724343250242185 0.7992181427622528 0.2735925896950092 0.4233560494398501 0.6293055831032974 0.6273287510068994 0.22141359320787699 0.09991258241717238 0.7046619840182246 0.04168642052575677 0.5064795362792025 0.19133549635080044 0.2872653024643873 0.8110085592423361 0.9961121950955145 0.41811756911804177 0.3028229041882253 0.08033356569118597 0.28407771929247816 0.7849471866748239 0.02327247279966574 0.8949721270127183 0.5352594530980408 0.42130230065703816 0.8812847195460782 0.6121355332188885 0.7611250297845791 0.3880467092954161 0.7251990110302503 0.8715143284691269 0.5852870476802721 0.8894426175953029 0.10077656588913168 0.11076092244850866 0.3781124712979332 0.04875844181183353 0.4347358311458125 0.5170454105758509 0.2676626528815245 0.29848159357801607 0.5397533892323072 0.41631833204511925 0.9758158247452616 0.5787225444348956 0.71034717967479 0.13700934924501335 0.1118038398923093 
2 0.20131042491037854 0.3280830243406362 0.47820529993923777 0.8465347674203898 0.7501277624208716 0.2792071624712108 0.3540347560851893 0.26468727360102406 0.7688489472935788 0.5066332913180506 0.6073743830139002 0.9838692587558928 0.09950539543737189 0.1620742379869856 0.5438534389822952 0.059954234574782966 0.4837212975905465 0.34837961322567773 0.21617762109092836 0.9677502388346224 0.922727537220748 0.18601004258674464 0.7206353086285354 0.1515589912170126 0.9482431211282355 0.054067249091477275 0.32380884277254796 0.05289787094371151 0.8506660818095526 0.4336068081251231 0.5072467135956389 0.7034423885800017 0.5749664604309679 0.11087855459028334 0.40030480657155476 0.5579364313541603 0.4642505616734729 0.9922041350802467 0.21183035604970052 0.41236710092621537 0.12110099273825325 0.12076857761981931 0.6538746995205211 0.2564186413400762 0.1808173778759464 0.22083401715235457 0.09118624419862287 0.34742687502980946 0.03368022724079008 0.4064335917505299 0.3543747210463131 0.9809311075626632 0.2570170117443041 0.31017937581277794 0.04849854248149671 0.4366046377164329 0.8282317124418789 0.09791081979289763 0.9108484978996215 0.6313259104811659 0.2677310174165318 0.3288649160213036 0.5756543813509956 0.6994838209365067 0.6485645466712624 0.7385209554784601 0.8231045712545322 0.5406096067229061 0.9713832360361287 0.09865646080465049 0.6668444519725999 0.9015782566668082 0.8683310072985735 0.5609133676503473 0.5647363531120301 0.8896773586255122 0.23992101970399346 0.3700230081155557 0.05485458323314896 0.9482842551899633 0.444185893014299 0.946493405875761 0.16111762960667675 0.7825256999911396 
2 0.09004373409226685 0.3635347926892646 0.45018825717612654 0.5460512369427946 0.5705604579127178 0.7579318764490083 0.5561523663889422 0.1474782969368233 0.4298229221510239 0.6619180927778855 0.5561889519157921 0.8548831942962288 0.09620825352284247 0.01545341962666942 0.5194590104892901 0.13076362012899304 0.8732773794829461 0.5114952099802725 0.24675245006074686 0.06536173662523774 0.9599959670157432 0.3092391353222379 0.7929555344620566 0.5291319084882697 0.5628618514681052 0.06641955058055582 0.298522829386378 0.47615140427397507 0.12943341937731806 0.36820734963647805 0.8371075497870797 0.6368220007079719 0.21932164179313987 0.916650828168946 0.26286757290884777 0.5066288789540383 0.08867122509911624 0.9909812904469913 0.04169134117294476 0.15514224257317588 0.10128311118335787 0.05178774167226363 0.6146505195475589 0.21630285408242078 0.9315907457296182 0.7963588585438213 0.9298046796675458 0.6220506489033774 0.5699459741271423 0.13511334070238318 0.7683677326592835 0.6716556943013166 0.5971882158050534 0.19453122823587848 0.06042957858716236 0.4549134291858898 0.7126129939002268 0.1626518999744559 0.7708216323276963 0.936083002526794 0.4624490948027419 0.32779762882692176 0.4746224202683956 0.6428156585651154 0.66998388587585 0.6959158275803466 0.6491076898877547 0.4803020426965008 0.029098198004080256 0.7069536510413968 0.21442437739052614 0.8824459100003612 0.22631247009528416 0.7007443590792172 0.5730099281501259 0.1503485862973034 0.269239546188976 0.843955481054696 0.07758786238142196 0.8836536742790624 0.6032130874900548 0.6005885129731738 0.9986606078638744 0.6304467651318411 
2 0.11022619175350369 0.3233939696673651 0.08637216187607036 0.8028437755823412 0.5586464707410751 0.19823526571199762 0.30996153410634186 0.08946504046223608 0.6009339206844038 0.5340354067220179 0.18915724643098114 0.8485888391908448 0.4843632401979991 0.7857227608336839 0.41026031027392024 0.20663658755928963 0.4829621632471619 0.33110161870292637 0.20352488707477562 0.20764693636917253 0.5636351967084796 0.1866742811762359 0.8926017822687498 0.1509338327586857 0.9218087685672446 0.024597310136315234 0.3463918148482587 0.09088043143129565 0.5548016724254292 0.3604117804111524 0.21431030488704222 0.7565663429561733 0.5180289689532149 0.9251656096169483 0.39915567730112794 0.549231323684747 0.46957597919729505 0.9129010027967741 0.5373392611751012 0.3679123955214263 0.28551228661672484 0.7284555133369077 0.7736021766579635 0.1625857797327905 0.6411215801502788 0.748312709404859 0.44164743364105075 0.33169997748678093 0.9861058071714679 0.4233777218493575 0.8407921714247552 0.9060747322597121 0.1431950946349481 0.3154544261604086 0.006574043705624311 0.4705935763517485 0.3457358664577185 0.500949478713582 0.8275545510324744 0.6207513344761726 0.2508822283242812 0.8474663283362107 0.44453109869837437 0.8775486370114994 0.11895446680050828 0.7198045453907966 0.4147757122520791 0.7972859978187622 0.7484378178400877 0.08216851499418681 0.9339142845459374 0.8499937841915127 0.9978235027060361 0.5277699261320064 0.6351796661295404 0.8595681260133 0.06530114910445384 0.5331576384413385 0.48329374177664386 0.5134162369746417 0.9235931564662063 0.7602370158544344 0.9079782083965021 0.8119545379870664 
2 0.7348381362543399 0.2725635182744847 0.32942053206823485 0.8570058447294981 0.8511509705232803 0.9652006622259628 0.32222828781251184 0.22833591696165037 0.6610494048565325 0.5239597750707166 0.699524278185923 0.6514546033037845 0.2978440145271827 0.7922123155132773 0.38074628710655267 0.06929909158169255 0.5016513076762994 0.4845905767815264 0.05308582750488649 0.954815366496928 0.9189493738569688 0.24058451796124516 0.5034905007433338 0.3593970833586584 0.9590879568106281 0.14620072702349063 0.4262313663974262 0.18803519687140646 0.041864369648897726 0.1845116875109812 0.2213573860785923 0.6992068101549721 0.5757505829062621 0.16786191291350816 0.4006903739636623 0.18197897925747697 0.13087235215359191 0.7464816931257877 0.6644806988577227 0.16441025272634696 0.09650978640530686 0.6208317164451116 0.2710432344561451 0.22141359320787699 0.12249116904691554 0.6678609367023066 0.10427031058284472 0.5065740971075436 0.3369901149267308 0.2793880504508308 0.37017822179125953 0.5723925785792058 0.41811756911804177 0.19525516063505 0.08314134650638216 0.29726798452766623 0.7846523971451748 0.02213928162350797 0.957324389617782 0.5475035186206856 0.36133536287363566 0.9180067448848215 0.5271036243237559 0.7176293943416996 0.5306723376081361 0.7557980661004978 0.8377213888185132 0.6427749174929048 0.18723085495941838 0.10147763235059373 0.25198783661034213 0.5139297344392035 0.7942058230200704 0.5054396199484182 0.27471086471317185 0.27071004004363 0.29848159357801607 0.5397533892323072 0.19243267961196198 0.9523506220211853 0.929066785488214 0.41749677548697806 0.023752734492367755 0.8528541876751773 
2 0.4349973669368558 0.4563174376488829 0.37028789751491664 0.9713299261410536 0.582286575067946 0.7459510649904425 0.3223914690640674 0.1998206845792441 0.4372788563479751 0.5172137941439563 0.6492819889307677 0.9902728399672952 0.09903046140265226 0.1962036874197241 0.40943293455054824 0.03600147032522561 0.6151968091844028 0.2894387408584663 0.16176415726754978 0.9739264748634537 0.6864370783051084 0.26457023347673 0.6086175867533039 0.41795043971278406 0.8797458875522712 0.1661296399735764 0.3468760737432671 0.020000746944241546 0.05833262510983156 0.7222962167095148 0.6632866548697334 0.6520730465965049 0.5841936186940193 0.017664331758502905 0.24416867822151847 0.582892299226062 0.22471702207530522 0.9872414553400336 0.8563350005443943 0.6527833992162974 0.5262154307908331 0.42730217556568956 0.23863683729863042 0.2882746526179227 0.9169111707885432 0.800668667544099 0.4444284122952273 0.28699290910910485 0.03143244952799418 0.43607593388970123 0.8776976577285633 0.9671513641585887 0.7939939981099625 0.5995881520301657 0.06760882624983222 0.31318164469903265 0.6941079976265574 0.1237055806851817 0.8255854352156855 0.6192180793911585 0.38436820321852716 0.8839455118821777 0.5638793704580415 0.6351127395629936 0.5563922963164586 0.7265521497435458 0.4351023815188011 0.6051625703321275 0.6859826311988464 0.5529073737260949 0.2676482953906769 0.8756331580429583 0.2692660384511558 0.6748330293617482 0.30019642906801397 0.8705516367511142 0.11886308969755666 0.5833291587195619 0.17304695564028863 0.8919807130061628 0.5285259719880298 0.7317466895721032 0.47088844957712145 0.850063070681468 
2 0.7102636394029289 0.6701022529171019 0.5144553210450419 0.9817589092090101 0.8793553678298185 0.1921733965663949 0.059491570301308305 0.2622271209959178 0.38482029245232846 0.4945391579451048 0.7159946283953337 0.831304441571431 0.26082111808934655 0.7650080657884767 0.5842977217706147 0.3372345027753632 0.6932148534951639 0.4806668975827944 7.101578113270779E-4 0.8892935844684146 0.6611734177691564 0.22679681477509708 0.5378370853416814 0.28182502675149407 0.9544672034222789 0.18816391532085422 0.7033305041231649 0.0652439895076693 0.9378613726424575 0.0969296408262312 0.9488285397781167 0.7348599225627223 0.5434831674470801 0.13643166866880027 0.40088063350391057 0.7198102693512983 0.40943567555776605 0.9462163928426429 0.7887166483373266 0.13336568567079327 0.4288277739956758 0.4177025455846019 0.21411900110233456 0.34328652106498236 0.12183640216585923 0.5976653889057641 0.04534783456482408 0.3797957697937093 0.6808941469160568 0.2544383378659058 0.823036708271325 0.8976650603271674 0.4118175148467429 0.10651976090400544 0.06456949325934855 0.2753846584783915 0.8122134806516759 0.09861925295512416 0.8930132801888269 0.575553032760812 0.36549629929271704 0.93915268569734 0.552534478507739 0.6581498504036264 0.5464840646689005 0.7382751965701144 0.83387209973447 0.6088370658104616 0.9359844033364967 0.1697492802007466 0.284476741054936 0.4617905566182688 0.23133367848547998 0.5486700308342947 0.4921172214675671 0.2793085084832252 0.08452546369097746 0.40484122630203084 0.7028549892412557 0.9616117539423626 0.9525779066844651 0.71034717967479 0.006054701963775222 0.18136845023222897 
2 0.5459283783606044 0.6797126094909504 0.10369327639760542 0.4472464249835355 0.7690533315124434 0.40232838999209786 0.41154642185384155 0.11819139072869893 0.7520476502733126 0.49481834960084153 0.15447486356893714 0.6142762150463361 0.39564860932297824 0.29243972909265303 0.41694083478766636 0.5271606526695998 0.5000461011745433 0.5224593795924215 0.14709910614445273 0.25485538665490853 0.30594753375639794 0.1671265461657153 0.8779143978905882 0.09404210145795186 0.9079931599810146 0.19498075460416253 0.2695832999289421 0.8321085390577924 0.8369632758533065 0.43644471887268893 0.5356283105799835 0.5251638721372437 0.631563595281736 0.1591585585005892 0.4356186503717664 0.8914460126600483 0.5470436136721502 0.9265004898500688 0.73119021366002 0.7485699631780722 0.7097320349523464 0.08785982316482836 0.5388244397148829 0.7938648549919205 0.2785652445784482 0.12090521815678773 0.02786363501427653 0.14320007971498547 0.5483814001442474 0.4705910804357114 0.5755397964790122 0.8579579236996524 0.5731356813550873 0.30830590263544044 0.8353510369475403 0.8603559058945378 0.7351128362448138 0.1436912718816974 0.9510972964113684 0.4768964731590533 0.09190915046182788 0.9805293589742207 0.36252586910578843 0.5864478221661172 0.5333719576190504 0.7020340030469611 0.10644221025178766 0.796665754621644 0.08748289527697008 0.6140633715530572 0.47873176895694525 0.41418849404708363 0.11510111659574102 0.7367660509830779 0.5622806826396978 0.891143561003291 0.061128819903140896 0.7694584567379081 0.38915873461866407 0.9070466077385535 0.41688429062312066 0.9949652415024087 0.4187116081265533 0.5132089253989289 
2 0.3977811172905118 0.293069025742857 0.7264066952062135 0.9731775213719593 0.2568521715823726 0.2929381186176071 0.9774343135811836 0.1139482683562513 0.6009339206844038 0.6296967331773614 0.1628549052689475 0.7192082118626884 0.8643870106725703 0.749333640058584 0.383515890803332 0.6137180661666863 0.8208900593477543 0.2966981177963962 0.18505225291517724 0.23465064619247472 0.7786001005702318 0.18002063005509297 0.9210434423957775 0.1372071392043333 0.9696527582986333 0.20637699129995754 0.3264116516310483 0.49060093711170283 0.7082615552845994 0.9605177667130207 0.22394023046042777 0.6160874539501034 0.5180289689532149 0.9336520634164667 0.5162676083128546 0.546861766106828 0.572262862537589 0.9129010027967741 0.7494501931583976 0.084220668484565 0.2933881240594044 0.6418724751158407 0.586664370332102 0.27056705010543497 0.26739020454438345 0.37812933654782976 0.2981954582538425 0.4547480732885793 0.8078097243109973 0.17135250732384016 0.7871982304463326 0.5507769218190703 0.47183524661923903 0.31494037225106275 0.9714129251536976 0.31352436971180603 0.4088756853526472 0.08075191652124646 0.8699352974508633 0.9082380666475162 0.2503700051866529 0.8474935631150171 0.534695578946625 0.6396544042105026 0.616805124348272 0.6676204264100261 0.16124301554303727 0.8842836166889586 0.7484378178400877 0.3392224967332891 0.6848537479642423 0.8617190439018256 0.23372998962635788 0.6699694193500048 0.21523558723999778 0.910537851355891 0.13041270740524302 0.7996857254547369 0.5212165087739412 0.5675491526631731 0.40266994032302994 0.5478234230277179 0.9476727823037117 0.010909479011516648 
2 0.041011620205645916 0.7174799107791427 0.4962937864676491 0.5460512369427946 0.29129825564666695 0.3676588022613013 0.5584744866029935 0.14651918563951982 0.4298229221510239 0.6619180927778855 0.6888026102987634 0.8554111624880745 0.10570926603940867 0.01545341962666942 0.5194590104892901 0.07467167807094635 0.47152187503790366 0.3249866424982051 0.32900857682457085 0.06536173662523774 0.1112534738009679 0.3092391353222379 0.5526940966605564 0.5291319084882697 0.5838369068977028 0.8779434895414864 0.32804902755558274 0.47615140427397507 0.19488221272842565 0.3947035666799573 0.8351766751906786 0.636735028420111 0.21860169733936352 0.8754802368122958 0.2518547794772475 0.5066288789540383 0.08867122509911624 0.9826781067152848 0.04169134117294476 0.9948168691228049 0.12210640434831745 0.05415256897844237 0.6186784830201806 0.9788336940988676 0.8289794946024966 0.7036337536366696 0.9298046796675458 0.6426211988124497 0.7327032661368799 0.13712277796586664 0.8227124949132519 0.8973199786566225 0.602232530356648 0.1667991609098381 0.04415463898201548 0.4549134291858898 0.708721715400589 0.1699000646179399 0.7680351658990339 0.936083002526794 0.07314709124459988 0.3269091117843725 0.2806200701662097 0.6479076310611483 0.6279315447761957 0.7386184782500796 0.6892916679759649 0.8282888517778068 0.029098198004080256 0.7069536510413968 0.20334796167796226 0.8824459100003612 0.09451384472151585 0.7007443590792172 0.58781711787765 0.1342347522795173 0.2696876219019516 0.4183580769884669 0.049876769475622584 0.8836536742790624 0.6032130874900548 0.58035771468039 0.43846438792225695 0.6304467651318411 
2 0.8032212695732837 0.7405072159249553 0.5043515043030528 0.4603432439450974 0.7138555392634345 0.3105053429108073 0.38341339100061494 0.17357245142039235 0.7315434977153551 0.46621244559798136 0.6906936808445773 0.6676958741586763 0.2872704100978979 0.792195405575117 0.5285439883762667 0.47915156060522435 0.6548077711448962 0.5020574780605299 0.0586539506685779 0.23060710525554468 0.6611734177691564 0.22559275862241218 0.63629568562521 0.27883667019041397 0.9497578114398763 0.056368063647670136 0.4262313663974262 0.189619363640594 0.9916803620672585 0.10803323377766802 0.5500239165357241 0.7037859763484471 0.5607356942623172 0.10626887204137564 0.2375819468742858 0.9652018629715853 0.12334366188183583 0.7476711382153228 0.7887166483373266 0.2994959675673811 0.4288277739956758 0.44900840803658904 0.7059781044969279 0.2673100821233077 0.12183640216585923 0.7167852262908856 0.008455293320531354 0.5668558199485669 0.3391769016792237 0.34483605523977673 0.8041127170193155 0.8864064304245499 0.428929601960074 0.32574062980369956 0.06468808773343838 0.3040893004792033 0.7700244430515853 0.5362292553777395 0.9114528960331525 0.9019427767213006 0.36549629929271704 0.12319426327468347 0.5695342283332767 0.744692498750883 0.6387049410668919 0.7378792686711603 0.8050473357110144 0.6308374440603725 0.8923416038557117 0.24505018924551805 0.11076092244850866 0.8020980320179208 0.17529728604102712 0.585456556514498 0.25681645727203917 0.13435005781676174 0.1127961573707916 0.5763632190948398 0.4588284893686473 0.9479152789061247 0.9144038012654341 0.71034717967479 0.3927771828525055 0.8001934839725675 
2 0.8032212695732837 0.7405072159249553 0.6536682907144371 0.654502622468565 0.8666940589037058 0.19482419608745258 0.38341339100061494 0.20225809459863586 0.19872556166562427 0.49862727995857664 0.9670464242947252 0.6431699574556057 0.2872704100978979 0.792195405575117 0.5274932081084674 0.4795580261684337 0.6548077711448962 0.5102332236621049 0.9142806287505175 0.2418411111253836 0.6427927099991407 0.22559275862241218 0.6361072887041815 0.27926888605614414 0.9523302080558199 0.056368063647670136 0.4537302565414079 0.18903523794678528 0.9762654820721599 0.10803323377766802 0.22050876720095805 0.7023085259987851 0.6134342181872863 0.10626887204137564 0.4061969712455793 0.8403906742946612 0.12334366188183583 0.9838724678388331 0.8211508247687147 0.2994959675673811 0.03999478492121994 0.44900840803658904 0.28627155226492107 0.42382560156795057 0.8806951625262776 0.6070193586862331 0.590855852607384 0.5064795362792025 0.3391769016792237 0.12222620443880391 0.8041127170193155 0.9961121950955145 0.37494269077493586 0.3216277381857405 0.0601167131616419 0.3040893004792033 0.6365429349104879 0.37939217905460354 0.9114528960331525 0.5363017657675293 0.35836206908458745 0.9185647609566239 0.5760719847245859 0.667414571840198 0.6770903191156672 0.7223230096101195 0.8076920701408918 0.8173955304240023 0.8923416038557117 0.09876217222202271 0.16747725608524905 0.8814167183244562 0.06175389739338366 0.5496330973810248 0.4652836556472344 0.270875182647476 0.9629372368842869 0.8353544954659704 0.18789246069224647 0.7869030040756672 0.8957071077271059 0.9849855419709646 0.9013030455728746 0.9811586871833372 
2 0.7900094083094809 0.7405072159249553 0.5170789260938613 0.4603432439450974 0.9218657054416198 0.1921733965663949 0.059491570301308305 0.26264547207748395 0.6981077217896503 0.4982436631709786 0.2351033970447557 0.831304441571431 0.29046904287131164 0.7650080657884767 0.5696509460976483 0.3372345027753632 0.6932148534951639 0.485317625113029 0.0013283339345987605 0.8845643908979944 0.6611734177691564 0.225295928868275 0.6408076303673214 0.2832998721863473 0.9544672034222789 0.08621199018410713 0.1908495751784675 0.0652439895076693 0.9637133318832354 0.0969296408262312 0.5165202981058323 0.7348599225627223 0.5394531662923793 0.13643166866880027 0.40088063350391057 0.7087278238117753 0.40943567555776605 0.9462163928426429 0.7887166483373266 0.20089349877373217 0.4288277739956758 0.4177025455846019 0.2112354985530388 0.34372399399573533 0.12183640216585923 0.7243962601864091 0.04534783456482408 0.35962490299581296 0.6808941469160568 0.27160396713145873 0.823036708271325 0.8976650603271674 0.4118175148467429 0.32108890511212684 0.06456949325934855 0.30666826160844096 0.8122134806516759 0.09861925295512416 0.9114528960331525 0.575553032760812 0.36549629929271704 0.9358880511732429 0.5758199846584574 0.7072868298104878 0.5464840646689005 0.7380368684105321 0.18140486645176768 0.9361417155172277 0.08882173359771506 0.1697492802007466 0.2611132674724825 0.6062804959480559 0.23133367848547998 0.5496330973810248 0.7307301940764173 0.2793085084832252 0.08452546369097746 0.40581175041422857 0.7028549892412557 0.9613632962514794 0.9525779066844651 0.71034717967479 0.006054701963775222 0.732568717037746 
2 0.10473706017666717 0.3381763755696671 0.491934615903958 0.9863089982929767 0.7217651999800616 0.2206168392606317 0.48431906270815417 0.1302834208094027 0.4880560588793421 0.6565359898790072 0.7960793783144429 0.8677121719401003 0.29795376668938783 0.19640128863622566 0.529067328966346 0.11326114412930881 0.7788842012522292 0.5132450965755222 0.8157903819234562 0.6731324647553969 0.21895682548554807 0.19266071133289242 0.7961933819518924 0.1873297449793915 0.9524272356594933 0.12176074672253406 0.2805084666157639 0.4469720019225142 0.7248571133141608 0.686611291630272 0.2245949224092535 0.5958112776861633 0.18763004718204845 0.9394839539678143 0.7444618976754214 0.6805224096156529 0.08102956433186573 0.3283226002411097 0.8072271975980971 0.3284103891529214 0.12248598795151411 0.015882333077971322 0.8724163356226038 0.21214356646932797 0.7756688088989813 0.7200312313186151 0.0911681398287054 0.4578316704079014 0.25564981825176575 0.32601868279708135 0.377111777794933 0.8968919539957659 0.5966894092185052 0.3888829224221708 0.001807626964088177 0.4945845463334112 0.8519191855643198 0.07097229621777942 0.8331771413679764 0.5760321470078945 0.3187104734743822 0.16620292476818593 0.46819820060062606 0.8542141603810048 0.36742071938357335 0.7301584928064683 0.6885706523451713 0.9367476388409477 0.7423864898910992 0.09852350732409171 0.7416404771952492 0.43729066442781583 0.24851026609977678 0.6028701177028228 0.33149024166849883 0.8114414826220024 0.11477572781960903 0.39626607222668353 0.5135805747565771 0.8725713262668492 0.6153324928283688 0.48975689925082416 0.07928236013137635 0.09042468132968229 
2 0.1893584029775614 0.324451458158016 0.4039338140811216 0.9132370755879362 0.7096804724682101 0.1189597185431037 0.33798222870399 0.16828124893840654 0.02189175970613433 0.5364272184097371 0.7160251097754401 0.8678890701557663 0.06386210039488857 0.16495717540280905 0.5429846495779891 0.43511439240902466 0.610609547305192 0.5322872437568626 0.21288596270646815 0.8542440535566266 0.9014990383976941 0.2421652840294333 0.5489269596938688 0.2736423424981406 0.8898965849823391 0.0560863254331797 0.4721095683062565 0.1808635649344042 0.9718224368910735 0.11564064310751743 0.3165401968987821 0.5958682823308706 0.510255484262899 0.13608913354540475 0.3955316614044893 0.5578974316662841 0.12256994375139416 0.8444187076415612 0.8136637891135463 0.35850278409755604 0.46705232221578674 0.5030472693337151 0.33421831723593187 0.16434757488162405 0.6875974793893428 0.7229860085278847 0.8887677383865252 0.32964049101498594 0.3243091538622904 0.4072398369126701 0.9684362264277768 0.8882261111744213 0.49399480318900013 0.31921405634541045 0.04229221070282067 0.4131353028404943 0.6477074396207445 0.5201797809712974 0.8920949982190036 0.6210969554732262 0.36932268122737005 0.8468852992804784 0.5593088891119367 0.7551895599591418 0.5523713679014375 0.7675272731476547 0.5218137255211617 0.6332918789879213 0.03492665334073641 0.19069684285317332 0.7115367278344975 0.8689319763406903 0.021951300946427194 0.5772595168322534 0.5598233184048677 0.7070250251629863 0.3540539639144339 0.527035314057398 0.5430418949542708 0.9540971590535041 0.4614982219406337 0.5495517978181339 0.48357383109064866 0.13320994170827216 
2 0.041449252451550234 0.038308362742815905 0.5323021301831344 0.4952381688164589 0.3793630208464869 0.1327386038427671 0.36180205186125064 0.007873911946438699 0.7315487046052696 0.5917125090130193 0.15447486356893714 0.93569779288439 0.22111633627421012 0.3187668551648279 0.4649428085000736 0.1479271611777038 0.550035879352009 0.512512098301875 0.14519101539350596 0.2356857018637602 0.3228606110435058 0.1671265461657153 0.6182062880133682 0.08870781217745706 0.8800250047626933 0.05883832026505996 0.18826669159582224 0.777202372035614 0.6449823739383962 0.3996591966753227 0.5502010113177005 0.694140927867639 0.6148806195849555 0.2357298857802044 0.3754492953564601 0.8378756452478744 0.5128275103129221 0.941053680361556 0.8676870098065868 0.16276107000860057 0.16986450276961418 0.6125347958984169 0.7371564526331997 0.24520152978741128 0.5085402915663114 0.12090521815678773 0.022481008581098083 0.14320007971498547 0.26350904241613976 0.3357917931542084 0.8383516075014348 0.9356607265814968 0.6524283908942131 0.581005174129922 0.010160961190036049 0.8434893594759125 0.735972981422238 0.24385854257696593 0.5817257402926147 0.5604751737896939 0.3212486491809807 0.8112853078554768 0.47047922951170806 0.762703280097719 0.6162849619177594 0.7200664758262041 0.6560185855437398 0.9361352512474076 0.10931177058050211 0.19073329179548013 0.7576305607634986 0.4457309038254545 0.4037413746192805 0.5911408994057056 0.6071464284203753 0.891143561003291 0.12543065348257554 0.3585094666066558 0.04726688543075552 0.9025164791335086 0.5767235895489824 0.9854462460564459 0.1828514788798825 0.5091963792553793 
2 0.10393627787923654 0.3381763755696671 0.491934615903958 0.9825660752880638 0.7217651999800616 0.2206168392606317 0.48431906270815417 0.1302834208094027 0.44350511563147776 0.6579359141863567 0.7912305159284925 0.8573991468853199 0.29795376668938783 0.19640128863622566 0.5263068268522826 0.11269098368558994 0.7788842012522292 0.5061150067770381 0.8493301560952511 0.6731324647553969 0.21895682548554807 0.192980871799523 0.8028615945981221 0.1873297449793915 0.9524272356594933 0.7717047069022375 0.2844305070365389 0.4736407368521076 0.7248571133141608 0.686611291630272 0.2245949224092535 0.5958112776861633 0.20205503176955159 0.9394839539678143 0.7444618976754214 0.6805224096156529 0.08102956433186573 0.3283226002411097 0.8072271975980971 0.3284103891529214 0.12248598795151411 0.015882333077971322 0.5537734817537062 0.8771215839501058 0.7756688088989813 0.7200312313186151 0.0911681398287054 0.4578316704079014 0.04447079290262823 0.391737730401609 0.377111777794933 0.8985844645128056 0.6028295230701051 0.3888829224221708 0.16535269232032976 0.4255025308078723 0.8604296233505971 0.07097229621777942 0.8331771413679764 0.5760321470078945 0.288100402166498 0.16620292476818593 0.5414444565692526 0.8601703580469179 0.36742071938357335 0.7301584928064683 0.6905111563261578 0.9557708246252885 0.7423864898910992 0.09852350732409171 0.7416404771952492 0.43729066442781583 0.24797806147457874 0.6028602806608085 0.33149024166849883 0.8114414826220024 0.11715666766846744 0.6382249775774972 0.5135805747565771 0.8722952756523342 0.6151095033191502 0.48975689925082416 0.9740022774694517 0.09042468132968229 
2 0.9065172137149614 0.7550605283624257 0.3638228814720009 0.8592428554275997 0.5982457015238503 0.2629847292364796 0.27338345008249154 0.2846666997642852 0.16647414894563423 0.5107118569784221 0.7060667803808609 0.8479434074404043 0.09929414233291385 0.1879839197151793 0.5321617044302265 0.6733670220612018 0.4581352448637402 0.5507645015787925 0.26087757000483924 0.9537570750387986 0.3081235901581763 0.19218549544705493 0.6234459767779702 0.15128279750646778 0.8898045104671373 0.04691213935962264 0.3075852623055882 0.4625850474736164 0.17829819844184006 0.7754544077063594 0.34990299169480377 0.5877329315395571 0.6515048680242628 0.054092776812739385 0.4518184868494859 0.4437817824704777 0.01708149777648016 0.9957456556088607 0.15901610138831052 0.3584819818631639 0.1420483988647672 0.19526651587303018 0.6642730014180218 0.15981877017250923 0.7320380079357829 0.7028480452070189 0.9297747577026645 0.3609675232592161 0.012502281267733145 0.08473386008847716 0.8718058497938428 0.9825565088998446 0.6811890961700018 0.30103021677323427 0.03798698420010077 0.4559447822592281 0.6747192078675512 0.5126588345699999 0.9957005161254938 0.6133110942050809 0.3547844627154511 0.09783811414166238 0.5621593658940319 0.7130417435650542 0.6538993368080609 0.7192463607324884 0.5471213303878326 0.9198182136476158 0.8672012145298386 0.6961977985978205 0.7938121683516166 0.7841308114352382 0.18837668523563603 0.5660243165171637 0.5605028448443651 0.21823259500837872 0.09074434182828905 0.3590882690401309 0.06503009097622564 0.9673308960718962 0.577549513780278 0.5930046562912951 0.428358644666374 0.8596354441123605 
2 0.09004373409226685 0.6717055122714732 0.452740710724658 0.5491929131210013 0.8598338770565845 0.6910997813571809 0.557479050051004 0.19476250915887441 0.6831723850149695 0.6619180927778855 0.19245447853809755 0.863669481315818 0.1178667251039622 0.15580019418832758 0.5226675017722175 0.07467167807094635 0.6713904365383343 0.5114952099802725 0.1934020984074663 0.0939341922590528 0.2971477965792821 0.3092391353222379 0.6190011484725987 0.556878194765654 0.4832399536714097 0.05409948457161011 0.4699834972958855 0.062482135236607915 0.13701819661427683 0.3697998226167479 0.9915908646646814 0.6906409117616064 0.8943625792246964 0.8794987792133551 0.4095658265635264 0.5066288789540383 0.4965966925778826 0.9909812904469913 0.0037869020058408642 0.18397057489085084 0.11843235258613738 0.5590197567062062 0.6213283777672013 0.17545690944402956 0.8289794946024966 0.731028879532527 0.9005680666631037 0.6220506489033774 0.00438423673671301 0.13712277796586664 0.8227124949132519 0.8548295042188185 0.602232530356648 0.3071493845947424 0.04415463898201548 0.4549134291858898 0.6390376377739835 0.5437093351141279 0.7680351658990339 0.936083002526794 0.25168143538894167 0.26280072868730603 0.5366503291835014 0.7506612095626822 0.493895364891201 0.7386339656645706 0.5316466930065437 0.6482519325925723 0.14170947249017368 0.1925028252633265 0.8339541487843277 0.8615691218119004 0.24431306756237364 0.6851224596438145 0.4670950311148998 0.1503485862973034 0.27607815059405266 0.5908560773313088 0.1686991886052171 0.9783245011454869 0.6032130874900548 0.5986856651612941 0.3539104883244775 0.8596142312439384 
2 0.4196099881844743 0.3253613159654871 0.47342870258090475 0.5739742906928297 0.6971285197166304 0.117426017452675 0.47456922555336456 0.12657803274356647 0.6952273074023718 0.6238521640692254 0.6450379507402358 0.732998815543529 0.04260271738344951 0.16681799629653285 0.47307063401468447 0.1497526066112616 0.7825357649799993 0.3332379024920525 0.06617933772117679 0.8398680061759037 0.36334097511235425 0.22730956257503035 0.6716526791786034 0.277917795700119 0.8245241658035575 0.14073942076998114 0.3155984673449156 0.19814534229422504 0.030079530590110412 0.11549300451020246 0.8673735823562223 0.7285816975341874 0.6101314294948913 0.22395034435705846 0.45388795134329185 0.8386460454878019 0.3156391045369205 0.9554975979119971 0.883933556411493 0.7756766010192946 0.5292657994100858 0.8033037548464043 0.31199717596900883 0.26812483201279436 0.26723458655476157 0.35762930609372123 0.5231005659127611 0.3041445770742397 0.734952232008691 0.34973159677321286 0.7108390962917971 0.8913981109351302 0.8062699610388702 0.6071423897890472 0.8884068126048967 0.31600574977648077 0.7159976242232965 0.08171260823724752 0.9070959272840219 0.6092606745564341 0.27442065131619703 0.6965534286498739 0.16613854853409787 0.6793481525073528 0.37481342584887606 0.7214852008120892 0.5366064745618537 0.5276707439458223 0.9529001431757587 0.21671545471058168 0.051692707510309466 0.42784168735824035 0.2513237085274791 0.6651274896125047 0.20231250497145709 0.8409729705618572 0.6905919216909568 0.529144501038641 0.16644879649818878 0.974588938922908 0.8987434095535662 0.7121488385896707 0.7920142068699445 0.7430256849027426 
2 0.19040019746445125 0.09573358622196401 0.4274444194523896 0.6587269965588266 0.5990944226230712 0.08142517224138413 0.3385694712275197 0.23552896550312735 0.6918951044095226 0.541823666874896 0.7147746736723309 0.49511794294497896 0.0988892621634021 0.15737378799262378 0.4208515873853263 0.13786927964219411 0.8348048198906124 0.32001375708426794 0.24304309689468817 0.28860211658962026 0.9270359443652278 0.2091983257975212 0.5365060752784802 0.21900476854225684 0.9080613928950801 0.18233019986267607 0.4494205989585091 0.18452889390402388 0.6345869176014024 0.36613167407486047 0.9861075315823326 0.6869636242938851 0.5395031338672216 0.8043236477511534 0.2651202771852377 0.41348670549981803 0.10888657802625124 0.19031581243558782 0.6895855463630615 0.18080889176802467 0.47847968870208823 0.4911649385852337 0.13108928683855042 0.27113512360805575 0.20460093960751183 0.6064584318595871 0.40255079307532304 0.6193402633030854 0.24568725133210922 0.28250642580866087 0.8120754357911107 0.8931560949101085 0.41462470610478735 0.18604231420139866 0.04157412479964029 0.2798426534620003 0.8112739238219794 0.07504538842993715 0.9386988700721027 0.8908343934400825 0.2290289019051331 0.16642356045363454 0.6002837067675106 0.3505103552602221 0.622137632840986 0.7462352707551497 0.05947073767551492 0.5486798326159116 0.9557405832507129 0.07925449014926729 0.10915338583571599 0.42587247728275723 0.14836488636095402 0.6467771618871089 0.5373713752550068 0.9060254371510321 0.2140890532789809 0.5488535829216804 0.15175147199001043 0.8779273426028118 0.577291472580406 0.9573783991555082 0.43631076296491145 0.10199209355156025 
2 0.42850182239482987 0.7130874828950973 0.6615556013558569 0.16291216802674308 0.7715467849203171 0.5965342593266028 0.4048109856000224 0.13659993331155224 0.4380354185457749 0.5279018758159163 0.8473455722926617 0.6070711898907973 0.13866409367746607 0.7355202364028597 0.9972230182039887 0.10728632587139124 0.9344023821045805 0.3224078750991778 0.18632282947556733 0.10136689775960128 0.9757355968118442 0.27231885917493354 0.4110602999784876 0.46543183829956586 0.9310760371537441 0.06116013191690157 0.34249786188092757 0.07702544491220775 2.7105965359147666E-4 0.09551386773520998 0.8392044068983486 0.7057867589788797 0.6024876985126949 0.975218498685031 0.4068699017122262 0.4557818222669956 0.10419097212120111 0.9540421105316446 0.8417907880230742 0.7159814514371182 0.45790582428112175 0.08003359242630523 0.1734408984916393 0.49092168523331914 0.9188016852062011 0.3665987447807701 0.3651354111962015 0.2064712872974079 0.09152133216266106 0.13576888054185138 0.9104244414878451 0.9781119835428786 0.28600606556924635 0.6069006549062439 0.04723341383692993 0.30279290233156875 0.7564426074277569 0.43832550000374354 0.8353034802954231 0.5553396059796334 0.267680244594235 0.8213914409030518 0.6072964516246461 0.7953267628733395 0.5772386446834057 0.7229819526031729 0.7138646520335697 0.8402450892082796 0.0467830981996315 0.7612333912646417 0.1734191815998864 0.4285688178662174 0.3681239486553391 0.6606341982326328 0.3340854389671771 0.17845374372518136 0.9766608946344832 0.793837547240856 0.18723692573175418 0.9203515848474437 0.4880212502418774 0.7723079556115418 0.5183957745886024 0.7923377912676639 
2 0.041020347955854075 0.2725635182744847 0.32819711480045893 0.9163735767214882 0.9013092085327411 0.9652006622259628 0.32222828781251184 0.22833591696165037 0.43832979911651027 0.6449734699851754 0.699524278185923 0.6487705883347118 0.11600182672147481 0.7922123155132773 0.5117978613006148 0.07493470469189026 0.5116626218467679 0.4845905767815264 0.03238571496093254 0.9499894743398559 0.9189493738569688 0.24058451796124516 0.5034905007433338 0.3593970833586584 0.9798353012746754 0.14620072702349063 0.4262313663974262 0.18803519687140646 0.041864369648897726 0.1845116875109812 0.8871617793450102 0.6971506910353693 0.5448607061883041 0.1906303674194088 0.2721029648054469 0.162434167806763 0.2851120336398082 0.9566035678358686 0.6644806988577227 0.8791920065254463 0.09784318294529346 0.6208317164451116 0.6316649525339876 0.2055508483725379 0.12249116904691554 0.6678609367023066 0.9498965332177136 0.5065740971075436 0.3572073858008009 0.08927703294391182 0.3684856527454372 0.5723925785792058 0.41811756911804177 0.19684114996793 0.08314134650638216 0.30035132419255406 0.7846523971451748 0.02213928162350797 0.7382682082236224 0.6152459449435621 0.36495699441017526 0.3213040571662728 0.5243322389581101 0.7176293943416996 0.5306723376081361 0.7557980661004978 0.8377213888185132 0.8144344941901245 0.025710796229317073 0.10147763235059373 0.25198783661034213 0.5139297344392035 0.09839910828757148 0.5054396199484182 0.2666023931433788 0.27071004004363 0.29848159357801607 0.38418248605360056 0.19243267961196198 0.9523506220211853 0.6480704010427651 0.4147324854170765 0.023752734492367755 0.8528541876751773 
2 0.3497464487684203 0.2960653768578748 0.4046641939953047 0.45095728894108833 0.6094700585567066 0.2901316692873288 0.12924381278069902 0.12206845563549623 0.6988384473588922 0.5842376575416398 0.6811799607735078 0.8471670417725845 0.26014141923288436 0.894826522798734 0.3840547372843702 0.4786600679378631 0.48225842078790165 0.6820140941062206 0.05887806115483271 0.04115672786100456 0.7253613032338729 0.22519634574884068 0.5505764935775997 0.28618764711527167 0.8322347251081487 0.03374662552239474 0.14087253166251368 0.13337479272730324 0.6596733897114465 0.3629328734095307 0.7902786606792125 0.5838701307486741 0.15214082852136027 0.743929290075612 0.41409607707128837 0.7865006153509269 0.057931576891978864 0.603366474690535 0.8049014779480701 0.19777089707800005 0.23041401821936724 0.843915665554856 0.2898091079003763 0.21496514182031967 0.25988811444687293 0.6993096088007504 0.12542827642353205 0.3367031352832185 0.6190654730138401 0.41276716610386244 0.9922006213883408 0.8914386006891601 0.8838329016735186 0.3210724753451781 0.1541217180875434 0.293532782768907 0.7695216882771865 0.10218330248464677 0.6064526677301403 0.9497521180597382 0.3745651471280768 0.6278204592654862 0.5483880784395654 0.700850607799123 0.5627343613205343 0.739411779010492 0.19369715370378476 0.8130319360265011 0.9747265655860944 0.16443340922786057 0.38847367013128864 0.4356592900104979 0.1360417549664746 0.6988980022586844 0.7165873958592284 0.7019162700777141 0.1225995507016828 0.5262235557940333 0.5244427155001025 0.9636778985403464 0.40784961909818035 0.7135109168494568 0.007258459678576079 0.012312036293592829 
2 0.74705501700939 0.26175251774213254 0.4060363248388266 0.6820923442687368 0.7630301031462011 0.35809755941621946 0.9674870999695176 0.11225354152930968 0.8405095678505689 0.6880425703480781 0.7520655972796203 0.8143672524636205 0.22265697690343267 0.11308456646067602 0.8668812448621634 0.09979369452519629 0.46539233191135787 0.5990477913504426 0.06192965932674961 0.8050736760547279 0.9771179723654375 0.22857101081438247 0.6059080860105226 0.29886421147877495 0.8775521461080764 0.027015969859750244 0.3322537979410837 0.20104316594109295 0.6487474513662812 0.14089210341237016 0.23287658707969666 0.6386543049370076 0.6248799754581643 0.08426878969602565 0.35870657552974367 0.46912081129657196 0.5703209431885574 0.9870103455187897 0.2484160649026999 0.9431467541575043 0.15134080032253538 0.015701057672359575 0.3048185849397449 0.34539635509635136 0.9107714308380589 0.7252001450835553 0.1422945646364573 0.3152775545459371 0.738589451920857 0.12177024516127821 0.8580146477255478 0.9804461313809932 0.5561917656721603 0.3062268502687158 0.08885398628106747 0.4313250997522176 0.7154036950819537 0.08126623917347098 0.4423046238233594 0.5785269307654233 0.2774278900496701 0.9255241780061179 0.5747875586790965 0.6730376120295636 0.3144827325804814 0.7129194504705749 0.5071986321508339 0.8977018915163775 0.9655305369574905 0.22530419540634616 0.7537962929251564 0.5663190376522403 0.0474431959706807 0.7258955061467107 0.544255195602097 0.4576865763797321 0.9241435247174367 0.4114336690120194 0.1268641088883129 0.7339048240237874 0.6132366579195205 0.9351515213385347 0.14869265647917534 0.6411504905147762 
2 0.28578828749143476 0.7405072159249553 0.4989707327641271 0.4603432439450974 0.6837349795797946 0.3105053429108073 0.3511038424481282 0.19542755819398344 0.7315434977153551 0.46621244559798136 0.6912123586353528 0.7992559172177363 0.2869888058136448 0.7948018147342455 0.5285439883762667 0.47915156060522435 0.6548077711448962 0.5020574780605299 0.039400270798098415 0.2649197516195959 0.6449886782730978 0.22559275862241218 0.6404035737311295 0.27883667019041397 0.9497578114398763 0.056368063647670136 0.43401138375635057 0.189619363640594 0.9916803620672585 0.10803323377766802 0.5989453009852472 0.7037859763484471 0.5607356942623172 0.7652249239170766 0.24878664335371337 0.9652018629715853 0.12334366188183583 0.7476711382153228 0.7966761725300464 0.16937858404857975 0.3088216665270429 0.44900840803658904 0.7059781044969279 0.2673100821233077 0.18072260098970355 0.7167852262908856 0.008455293320531354 0.5668558199485669 0.3391769016792237 0.3438063443329341 0.8441894995551509 0.5696074236017072 0.43028261541774443 0.32574062980369956 0.09340367417387548 0.2904760005430889 0.7700244430515853 0.5362292553777395 0.9114528960331525 0.9019427767213006 0.27047294079173506 0.12319426327468347 0.571209161334 0.6838850701581793 0.5814024189113026 0.7378792686711603 0.48635338561083497 0.6183731555296288 0.1397483615164749 0.24505018924551805 0.08742223387679879 0.8020980320179208 0.15369484648288748 0.585456556514498 0.5556319278809742 0.14292819288572106 0.1127961573707916 0.5469218024129346 0.4588284893686473 0.9370089587782587 0.5253527651565963 0.4762084854570995 0.3927771828525055 0.8001934839725675 
2 0.7747448600789411 0.35681654176905164 0.6620615645004717 0.9825660752880638 0.5914783882234724 0.2787147514321509 0.40016215380358156 0.08681739021491633 0.1649590320461515 0.6643618355523933 0.3895421422140628 0.8573991468853199 0.08599392162608176 0.028555423789950338 0.16520508513559545 0.12524869144255812 0.5457459426517762 0.5097576503648708 0.2505301198737576 0.9160630073791242 0.9875183953653166 0.24251092546811082 0.8064976086647022 0.36014934242700913 0.8902012636845721 0.04797142626445011 0.6958472300237849 0.48200895155977785 0.1304895036112495 0.4325817719787016 0.21082806089738013 0.585301988661713 0.21173669040519927 0.9471264079418298 0.31873372866787975 0.713548683550395 0.5028755794880876 0.31174305783535805 0.8717889722580711 0.10781185680225207 0.09969272701448538 0.015113823009768965 0.1543178953875778 0.801987573284322 0.7966629878058122 0.7791886691049905 0.11870811884955096 0.5687764654047465 0.5109571388673267 0.30749916988284953 0.7683663365003557 0.6915505853112001 0.5969906028713882 0.32144406696247046 0.07990067838815004 0.6553803754555766 0.689741465568187 0.4017378600357729 0.8231360360629988 0.9347146182712771 0.2940887927501843 0.32130225861669814 0.9396450346075289 0.680571320368525 0.36742071938357335 0.7308948875301986 0.6877414387182009 0.4801219773865058 0.06321902445359806 0.18345812657790334 0.6644568522998143 0.45252306670084586 0.22850803256257776 0.7212052741657774 0.5506882399635286 0.1562622945071006 0.24248873598494247 0.8643397241746715 0.027508147728125265 0.9618101498818256 0.5739287183394441 0.5613712125554987 0.28847625078819444 0.6321833654488592 
2 0.9065172137149614 0.7396805826063706 0.5956301057460781 0.8606871326884833 0.24677443619117223 0.06948290554135414 0.156291823639826 0.07168394688738372 0.16647414894563423 0.6089381486026891 0.7060667803808609 0.8736786158063622 0.09748918786856735 0.16495717540280905 0.5347443339071559 0.11776291037293996 0.6155075240027077 0.5528979853097656 0.1064638582356498 0.8725219338258348 0.3701991090215133 0.2426915992143986 0.6136043539236755 0.3245910217731555 0.8900370073862565 0.04241965168223011 0.4356095096583216 0.2597033128551159 0.7256114192073823 0.36545808379005373 0.32628548783948963 0.5896775610446874 0.5965884281757643 0.8473286688066193 0.48338307844984346 0.5513801351562926 0.0863117731818148 0.902403481857974 0.13513543609311585 0.3584819818631639 0.1010682885663306 0.2170926538017463 0.6642730014180218 0.23470587719099684 0.7291405564940502 0.6283427240197356 0.8788431228722267 0.594225727702609 0.2755482109615791 0.41791765626045585 0.8727633879686656 0.8898924833617076 0.5844340646640882 0.6114515133614733 0.20145069730249296 0.41662392378862095 0.6477074396207445 0.5126588345699999 0.9957005161254938 0.6192180793911585 0.3595349833523212 0.09783811414166238 0.559656055325894 0.638850950159823 0.35739169900973955 0.7373219090468133 0.6889479312509275 0.9198182136476158 0.8022773305256633 0.7070598712314986 0.6515920630578156 0.4138333236069018 0.18837668523563603 0.7109528179578973 0.7143476449944306 0.24255717520803877 0.7986266198510015 0.926018167514502 0.4519674980090458 0.9673308960718962 0.6219349284872573 0.9834675893732128 0.8205943801612595 0.8596354441123605 
2 0.9065172137149614 0.7550605283624257 0.4927202179116419 0.8592428554275997 0.7525044318283023 0.07296971579317102 0.10590713067617417 0.17300153181342737 0.16647414894563423 0.6610047308888332 0.7060667803808609 0.8479434074404043 0.09523162049859611 0.17427676875469658 0.8953256408589314 0.7214732270609303 0.6068952055488729 0.5507645015787925 0.2918965843250355 0.84504947403446 0.24442672639016466 0.19213276796940953 0.5592300902206453 0.15953261643333885 0.8962466135478051 0.04241965168223011 0.306327140985578 0.15398793486027013 0.24986697514259115 0.785254964896808 0.7586399627195326 0.5877329315395571 0.6515048680242628 0.055547916055451736 0.41963541296689993 0.7899776935455572 0.47085305400724686 0.7090242085906291 0.15901610138831052 0.3584819818631639 0.1430142157652336 0.19526651587303018 0.6642730014180218 0.9700790836290173 0.8721984175543823 0.1290314665887234 0.8921947183803974 0.3368627487318608 0.012502281267733145 0.057322334308513107 0.8718058497938428 0.9842348851289675 0.6750219731570032 0.29163958070995394 0.06437573849454017 0.42427484035288454 0.7000624948272423 0.5100554337588923 0.7696682838820066 0.6192743841631144 0.3595349833523212 0.09783811414166238 0.2766223754018621 0.7086984034721736 0.6285536644324453 0.7373219090468133 0.5469691513520002 0.9493803474131357 0.8672012145298386 0.6794716038763787 0.7938121683516166 0.77947723517679 0.18837668523563603 0.5647509284165697 0.7143476449944306 0.21862312159084582 0.9420530288469566 0.10392276809434178 0.00985419221479708 0.9673308960718962 0.5672487567650691 0.8880267370945505 0.428358644666374 0.8596354441123605 
2 0.7900464879080373 0.18482155904616812 0.4917850402467512 0.9804139736146023 0.7508404893775217 0.07032560461744247 0.4936956779007782 0.21805340067235127 0.6798982739676065 0.4971453654686614 0.7617000942435992 0.9888354325543566 0.08301414945163826 0.3478763436141787 0.5071966015824443 0.04493918547157327 0.9446592950148579 0.5193499996513827 0.24694739039197838 0.6535812386721094 0.39958715548615126 0.19631640274462114 0.5701299731214817 0.17248694895821232 0.9499448163429094 0.09551092117973166 0.2931356344960251 0.14939358398087138 0.09389309792738082 0.19246502955023434 0.9981134375140481 0.5745032492817271 0.2166001736326473 0.9399288373222325 0.3730002564336505 0.7247882681001421 0.459860298178671 0.7903433545875996 0.7332862072832136 0.3198362601357022 0.11297896015223652 0.6200497897899022 0.7743738781936232 0.25769277264195456 0.2511017822771299 0.05084650779385197 0.871972431704182 0.5820696118247237 0.05805901079120057 0.34401560542434284 0.6948574209779761 0.9644576908846696 0.6191117003663642 0.3195085463965131 0.08071841219444761 0.431471812722848 0.7821724162038838 0.0728170042512693 0.759787064469782 0.5789886249514706 0.4468017928711786 0.0654874022637586 0.19649685591068647 0.7544888996459493 0.6423337081963298 0.7327005696129592 0.8769317471861018 0.4918149113046322 0.13726001384888076 0.2986580863856553 0.25280193886923874 0.4524612694188379 0.0577589338491884 0.5482681639143018 0.6373246057969153 0.8924894383922042 0.7247307805076728 0.7298761768865298 0.12929583624215418 0.7858161160649624 0.9061308905446834 0.642806652420919 0.782531928185962 0.7667814470825657 
2 0.7682098126085051 0.7550605283624257 0.34323807427773667 0.8592428554275997 0.5982457015238503 0.3712099234078608 0.27338345008249154 0.29407894104770105 0.16647414894563423 0.5107118569784221 0.9828248058184844 0.8479434074404043 0.09929414233291385 0.1422593785184011 0.5326626159560329 0.7561590692316162 0.6834022826992052 0.5507645015787925 0.26087757000483924 0.9537570750387986 0.34336313432490717 0.19218549544705493 0.6234459767779702 0.16188629633438684 0.8983322393125301 0.04691213935962264 0.32213869470899914 0.45947325270070666 0.9568696250453371 0.8641232910618936 0.3660979705746074 0.5877329315395571 0.6515048680242628 0.2145961182595309 0.4434147414485976 0.4437817824704777 0.01708149777648016 0.9830464266985441 0.15901610138831052 0.3584819818631639 0.1420483988647672 0.19526651587303018 0.3199296808287371 0.16534946840202414 0.7320380079357829 0.7028480452070189 0.9297747577026645 0.37650973625844275 0.012502281267733145 0.08473386008847716 0.8718058497938428 0.9854271539768663 0.36735522566399637 0.30103021677323427 0.03798698420010077 0.4559447822592281 0.6747192078675512 0.4197291996666088 0.9957005161254938 0.6107308150667953 0.3547844627154511 0.05838412148347644 0.5647020732089093 0.7132530758620372 0.6538993368080609 0.7192463607324884 0.5471213303878326 0.8027789594065311 0.8671633495652934 0.7122767197176196 0.8331735135498606 0.8641369222807214 0.18837668523563603 0.5609204917695126 0.5605028448443651 0.21823259500837872 0.08675698288048378 0.3590882690401309 0.06506128196867955 0.9673308960718962 0.577549513780278 0.5930046562912951 0.428358644666374 0.9825879177083696 
2 0.04247626674397714 0.7405072159249553 0.6668861678420326 0.654502622468565 0.8666940589037058 0.3723501560168376 0.4023266139444316 0.20225809459863586 0.22136557254223893 0.6573770723860922 0.9670464242947252 0.6431699574556057 0.30346573379845154 9.210227498447909E-4 0.5184947388771699 0.10716926562045054 0.6548077711448962 0.49510725499487646 0.8299058039912917 0.2717485684273384 0.6418130963433941 0.3054271558467499 0.6454503439493654 0.534464145092381 0.9523302080558199 0.056368063647670136 0.4437787954564189 0.42282458495346537 0.9762654820721599 0.10803323377766802 0.16388174315206772 0.7106496983849635 0.6134342181872863 0.23020845812063773 0.40244553279156736 0.8403906742946612 0.12334366188183583 0.9835494105070696 0.8211508247687147 0.2994959675673811 0.04400165277530488 0.4680056445720785 0.26848643505878433 0.42382560156795057 0.8806951625262776 0.531672677206091 0.590855852607384 0.5064795362792025 0.3391769016792237 0.12222620443880391 0.8041127170193155 0.9961121950955145 0.37494269077493586 0.1693872456672854 0.0601167131616419 0.3040893004792033 0.6447024059300117 0.37939217905460354 0.7727554041131371 0.5363017657675293 0.049507989458117324 0.9185647609566239 0.5760719847245859 0.6666831785447092 0.6254735571974291 0.7223230096101195 0.6910925144935105 0.8173955304240023 0.8923416038557117 0.09670844524585376 0.19444753999752004 0.8814946172447515 0.06272346943193075 0.7236351237746296 0.4652836556472344 0.29442632998594337 0.924245897969656 0.7965619789981563 0.06428596140165498 0.9200426783309265 0.6446108144316033 0.9849855419709646 0.9013030455728746 0.9811586871833372 
2 0.030506945348478143 0.3354606003169227 0.5442764610701546 0.32449413751274714 0.8522451578596946 0.7417520069527201 0.40768785433436194 0.10738225278232479 0.42830276423153013 0.5976788666073071 0.7144258871834314 0.6047589737007047 0.26474238481305684 0.22792017716066407 0.425644612866084 0.10794924979057333 0.47440296047120056 0.6575476812896921 0.2493313625489837 0.05517080485343717 0.33077545664597674 0.2266296463200234 0.6161228098198877 0.29218853184880633 0.5726188682991034 0.056308961640887126 0.3282616894248866 0.5310052501112542 0.14228464121809198 0.3644061340792186 0.666511783861236 0.5646289409067189 0.5369777594800932 0.6400826922751093 0.39820848068640347 0.9652018629715853 0.5233535438431103 0.29276262215698784 0.7216441543868073 0.6265281149326888 0.15748191355983154 0.48591594633903323 0.6055319637350735 0.2161709447047467 0.290021929803696 0.7353587834480116 0.8806578738500728 0.2580832778420383 0.9058715889357909 0.19805286269196437 0.818449192518549 0.643860326289073 0.5256343296071345 0.28241932361502264 0.045964426050261326 0.454595029373568 0.7412797946481025 0.41772146362325424 0.3354695844751763 0.6499348721399846 0.3116093285992093 0.7273970074068753 0.5564137373330033 0.2801464447998394 0.6424451245009382 0.7179286618193222 0.5710755149410187 0.5105477106143526 0.9582865584508395 0.6119518514749814 0.6555720825958046 0.44640267807784606 0.9247307478385665 0.6992680175466246 0.31785803397579726 0.2613347117551538 0.16205751698535867 0.8232004017016805 0.0500234497535263 0.8823478025275453 0.9074293358016392 0.6461613350026871 0.49448189027046263 0.12177650966206838 
2 0.15416413612802377 0.2933800111629464 0.37028789751491664 0.8606871326884833 0.5827976986174629 0.07064482057010152 0.3218572139267085 0.12701896049209233 0.4026475065248112 0.5172137941439563 0.7441402142445898 0.9902728399672952 0.09770537940431594 0.19613963534685747 0.4072018124691359 0.08160287282947168 0.6151968091844028 0.32348604564529565 0.21702660645873506 0.9739264748634537 0.6864370783051084 0.24414802431597998 0.6086175867533039 0.3468254711075273 0.8797458875522712 0.14883991579611555 0.3468760737432671 0.027576959936853246 0.03539258752297669 0.7222962167095148 0.8218377209892005 0.6593481972610631 0.5283046250450844 0.12031162566319828 0.385979494861564 0.40946596333730056 0.10963035665067111 0.9907282761004963 0.7972158264615196 0.34523590212159433 0.4783037794490206 0.16279711254985652 0.6298388271921807 0.2882746526179227 0.6997454095679201 0.725116586938937 0.44266878754532446 0.6221621604230247 0.05351374410368098 0.42409961975068844 0.8796911683243593 0.9671513641585887 0.24787425485927375 0.36261753659141677 0.06592786692435136 0.4178974179801872 0.6866773670503201 0.4515878198296669 0.9117521126895876 0.6192180793911585 0.3697888951422274 0.8492986851660892 0.559656055325894 0.7517249834049888 0.5520513967579744 0.7588084903886835 0.7651334390897946 0.6051625703321275 0.6859826311988464 0.5860111033910431 0.27674935864691397 0.8756331580429583 0.2620016462499639 0.5844498346539778 0.5432693513053811 0.9069040269676687 0.942981141628813 0.5894762802865635 0.4939444605396785 0.9558757135207634 0.8110324455354625 0.640948045677624 0.47088844957712145 0.8613516992598121 
2 0.1331949264031636 0.30604165928398996 0.4924135630998775 0.6615802881219928 0.8438532321485379 0.04974987852389604 0.08048386459067486 0.12961416612943058 0.5986866781166617 0.54337151237111 0.6839284585101013 0.8163958036880727 0.32819003156149484 0.022144822064706055 0.4204140534126808 0.5128557905328027 0.8383286455175568 0.7213871570877926 0.8643446926495897 0.9157169007607774 0.6645760030850191 0.23905044331125558 0.6054781713749129 0.3592954514326394 0.9197439624161537 0.06958878454895517 0.4535909158447247 0.13890556112427424 0.6958348795806041 0.35981515441584955 0.45651374616287094 0.5624257473274378 0.1520257193193898 0.7402184645579176 0.22207026290144802 0.49091657921112936 0.03572091890485047 0.35129736263883393 0.6144762034639588 0.1369513951063988 0.4805200387688471 0.16514515144605077 0.12943470969263768 0.15634226359653114 0.18703104846232071 0.2634814181527069 0.5159204959778494 0.45677104597611407 0.23948812248050652 0.2533270083105135 0.7893418317262897 0.9899056884298277 0.407712463274632 0.38660608424638476 0.22441799350855993 0.2793920423915142 0.6490066781549739 0.0512759923035756 0.45684780927285257 0.8670129458033761 0.4883968002982967 0.6167687774923742 0.9284662062330138 0.689764799314728 0.5341424574809025 0.7106947699734965 0.057777547925933107 0.6059850958412526 0.8329890449122581 0.21917216501485795 0.819741012803459 0.42529120415457483 0.0996172616349969 0.6645430347168968 0.5602474965944955 0.24497938181699616 0.17628997842521715 0.5544633751557487 0.555856639198862 0.9645089575486652 0.6284348924169912 0.7490533477833332 0.3428422043491838 0.022035525519914778 
2 0.13244683814603275 0.30604165928398996 0.4847806072396734 0.5078896291645861 0.8438532321485379 0.048747653724671616 0.08048386459067486 0.12961416612943058 0.5986866781166617 0.54337151237111 0.6839284585101013 0.816889590506702 0.32819003156149484 0.016359415952441447 0.4204140534126808 0.5051439903580952 0.920829856950347 0.7213871570877926 0.8643446926495897 0.9157169007607774 0.6645760030850191 0.23905044331125558 0.6054781713749129 0.3592954514326394 0.9197439624161537 0.06958878454895517 0.3270631822199539 0.13890556112427424 0.6958348795806041 0.3598784012107493 0.45651374616287094 0.5624257473274378 0.1520257193193898 0.7402184645579176 0.6145513247789399 0.48850405481751846 0.03738512472654043 0.3509979891649311 0.7571629295489467 0.1369513951063988 0.47277092876508187 0.12939763888849642 0.17966289351465262 0.15634226359653114 0.18703104846232071 0.2634814181527069 0.5159204959778494 0.45677104597611407 0.0825536189982125 0.45487480647170353 0.7854180003892585 0.9830142031934976 0.3666321725381124 0.38660608424638476 0.2257421001973175 0.24685837798031215 0.6617017301433721 0.0512759923035756 0.45684780927285257 0.580830023097308 0.4244556530756671 0.6167687774923742 0.9284662062330138 0.689764799314728 0.5341424574809025 0.7106947699734965 2.1408784040044537E-4 0.6123017822464928 0.8321412354910103 0.20983673547313714 0.819741012803459 0.42703873150431776 0.12391115798720913 0.6647059817025057 0.5602474965944955 0.24497938181699616 0.9494980832880373 0.3855743116246124 0.5541284100693462 0.9640693936505124 0.6217541266028611 0.748426120296925 0.3428422043491838 0.022035525519914778 
2 0.1824011182270368 0.09573358622196401 0.43073186125646434 0.9802809686889113 0.5990944226230712 0.03657026821064678 0.3385694712275197 0.23552896550312735 0.6871219511235899 0.541823666874896 0.7147746736723309 0.49511794294497896 0.0988892621634021 0.15737378799262378 0.4208515873853263 0.1401593732680865 0.8348048198906124 0.32001375708426794 0.23703414030697517 0.28860211658962026 0.7169206335313713 0.2083364771959701 0.6278163009521054 0.2131883836958294 0.9080613928950801 0.21451446447248596 0.4494205989585091 0.18452889390402388 0.6471727594918086 0.36613167407486047 0.9861075315823326 0.6869636242938851 0.5250680628431088 0.8043236477511534 0.2651202771852377 0.41348670549981803 0.10888657802625124 0.1583272011491671 0.6895855463630615 0.18080889176802467 0.47847968870208823 0.4911649385852337 0.13108928683855042 0.27113512360805575 0.18939427309324786 0.6064584318595871 0.40255079307532304 0.6193402633030854 0.24568725133210922 0.33587930846038366 0.7108199303148477 0.892712102006175 0.41462470610478735 0.18604231420139866 0.8692663571323074 0.41411897226791744 0.6465079793147847 0.07504538842993715 0.7339494584539811 0.8908343934400825 0.36948602780934775 0.16642356045363454 0.6002837067675106 0.3485375929083789 0.5531723665547046 0.7482121883745988 0.17059170622887898 0.9146742706522535 0.9557405832507129 0.21194833898911636 0.26735834919028734 0.42587247728275723 0.9750823546808067 0.6467771618871089 0.5373713752550068 0.9060254371510321 0.13353574791528075 0.3852294719920172 0.008858284748148315 0.8779273426028118 0.4969469866401939 0.9531359546344155 0.43631076296491145 0.13292394711574168 
2 0.7900464879080373 0.339141166844037 0.45483916034502014 0.8894570613761082 0.7394392534176996 0.39387427251117263 0.4936956779007782 0.2604128631917775 0.6804901956623015 0.5059024357492766 0.7617000942435992 0.9888354325543566 0.06688663241131296 0.3478763436141787 0.5071966015824443 0.153355604290261 0.7781471868554644 0.516795552726607 0.24694739039197838 0.28876808378706126 0.427105302068329 0.19631640274462114 0.5701299731214817 0.19053371384466194 0.9499448163429094 0.10162511697869964 0.2976900008873817 0.14986210822864668 0.11521155058219676 0.1315852641844716 0.9195593284598024 0.5745032492817271 0.2166001736326473 0.9399288373222325 0.288753521481928 0.7247882681001421 0.459860298178671 0.7903433545875996 0.7365355410269464 0.6019216074312881 0.11297896015223652 0.5517240377334998 0.7730706643606532 0.2532499059646098 0.2511017822771299 0.05084650779385197 0.871972431704182 0.5820696118247237 0.05805901079120057 0.34401560542434284 0.6948574209779761 0.9644576908846696 0.6191117003663642 0.16623116713358976 0.04786014163070602 0.431471812722848 0.7047220098750313 0.07891314160591183 0.759787064469782 0.5789886249514706 0.4478042593276159 0.12089042428776016 0.19649685591068647 0.6628146022649801 0.36410617692425573 0.7314990235860259 0.533586546417764 0.4918149113046322 0.13726001384888076 0.30364979452731333 0.25280193886923874 0.4524612694188379 0.0577589338491884 0.5607928753713562 0.6373246057969153 0.8924894383922042 0.7247307805076728 0.7636949470040705 0.122974008552931 0.7858161160649624 0.5719904100645331 0.9549512384760441 0.782531928185962 0.9397995001297583 
2 0.1646477630375399 0.09573358622196401 0.43151517248683174 0.94955688818257 0.8477173955746725 0.03657026821064678 0.3385694712275197 0.23540116401768874 0.35864090433057405 0.541823666874896 0.7147746736723309 0.49971836650395046 0.11006714135133183 0.17252146293196313 0.4210271214756733 0.1401593732680865 0.6178858630466841 0.32663852561763856 0.25126152692630854 0.06337669509733068 0.6856544554885603 0.2064756558883826 0.6198905106504541 0.2131883836958294 0.9346511996463998 0.20960623612760257 0.4530696463551809 0.1685181774109278 0.6446934307312719 0.36608050026163963 0.9557181354530859 0.6986914166536657 0.5250680628431088 0.7639079649539658 0.4112632863460693 0.41348670549981803 0.08325575572028257 0.1583272011491671 0.959965308584841 0.18080889176802467 0.5139963077448939 0.4905477366716992 0.6092025091350418 0.2666985204305138 0.18979816094242621 0.6064584318595871 0.42265773865704936 0.257808155834112 0.9256746317839414 0.43909252332898646 0.7108199303148477 0.9971963786161139 0.41462470610478735 0.38509152572066685 0.044902764437885434 0.4508421908220744 0.6533621369926578 0.4846502747913053 0.7339494584539811 0.8835209665602856 0.37269520289629277 0.19511082765860369 0.5746292406742983 0.28193797500519036 0.5519850681740297 0.7480549165112226 0.17059170622887898 0.9146742706522535 0.9486782629799482 0.6312786862470857 0.26735834919028734 0.6892010112058204 0.9896383771363155 0.6467771618871089 0.5373713752550068 0.9017473461497068 0.06650889296535678 0.6332238716719388 0.050509587014553006 0.8790436763236928 0.8823644730919211 0.7320036076978871 0.43631076296491145 0.16723762018212987 
2 0.17248847416673374 0.33863255880134163 0.5113526103759146 0.634485072359305 0.8447980240998442 0.19482419608745258 0.3816650082862159 0.2051713025245028 0.6972466471960422 0.4982436631709786 0.6906936808445773 0.6557123193749907 0.2872704100978979 0.1766191763213359 0.5274932081084674 0.5009241053119924 0.6390660811846087 0.485317625113029 0.08593436336843832 0.2418411111253836 0.6076537953101211 0.22559275862241218 0.6448886324245618 0.2716066483621156 0.8080834546395387 0.056368063647670136 0.4537302565414079 0.18903523794678528 0.9759916716800374 0.11284099560236752 0.3552941510478993 0.6769124971402113 0.5288402177926422 0.10626887204137564 0.36274302521351093 0.42768178724512024 0.12334366188183583 0.9679423054487022 0.7975866965108654 0.10838559572072372 0.10009958667843036 0.4231341320873905 0.22925828438294235 0.4194785662945751 0.8806951625262776 0.7244882095891134 0.41703640406649706 0.5064795362792025 0.2931112220221018 0.46643608271862336 0.6779686060957809 0.9961121950955145 0.21908056899211203 0.3216277381857405 0.04568651161564449 0.2987480334418245 0.7726359224547878 0.39206259833779467 0.9114528960331525 0.6179890194741063 0.3694849297048941 0.9185647609566239 0.5758199846584574 0.6722941734432548 0.5524200033729572 0.7294754481781025 0.8050473357110144 0.6110640464689419 0.9188409524959716 0.09876217222202271 0.11076092244850866 0.8352175781174702 0.058643808379300555 0.5496330973810248 0.25681645727203917 0.8679601551747606 0.1439969401866154 0.7935520882283916 0.23672884189929594 0.9415716775346845 0.8957071077271059 0.6478929277296933 0.4720909110511688 0.9811586871833372 
2 0.03326319325927907 0.7046684301232524 0.5954493020382408 0.9596615178979419 0.2662819497974107 0.1944026884190871 0.5048890822210237 0.0913366598972113 0.4634005290350963 0.6067112941912163 0.7132412812664851 0.4643549362678933 0.22165970684529146 0.3189203675908009 0.46735869608300923 0.07664893882787965 0.4378723487954384 0.5882897534090249 0.24675245006074686 0.30089151134433956 0.3532254922035632 0.30865013304612515 0.6141808795284376 0.47606843895645073 0.586111296706225 0.0598185661000149 0.33204928698173514 0.48117333037827986 0.12803833558854133 0.36597625293986275 0.8325808201749751 0.641582052760497 0.5238001146911271 0.7993492030062563 0.2502465647596896 0.6744337054554034 0.5134463388597406 0.2630291931801416 0.7835090042905428 0.6594993557222404 0.1770136705990847 0.7170702587278345 0.1801726689391622 0.22108212939846494 0.8322156589971984 0.6056479403819702 0.05203857373609144 0.6220506489033774 0.24768566582363366 0.3286215964476921 0.7040002674996737 0.895259345043979 0.6010279927596175 0.1850759300711397 0.8148267975957653 0.4549134291858898 0.7375324320676447 0.1699000646179399 0.33648466941714794 0.5599015937657142 0.2578916116650418 0.8525771023291508 0.4763143094354458 0.3565966475789849 0.5394124942857808 0.7488597441415304 0.08171310460421649 0.828490193547958 0.9246683015369708 0.7069536510413968 0.2545459670396826 0.446279043858056 0.9314230868685492 0.7007443590792172 0.5992136962320501 0.20284884525381736 0.11597887410775698 0.843955481054696 0.04976464543761457 0.8844068230804981 0.6032130874900548 0.9515894376452204 0.8741972195989247 0.20886963742721248 
2 0.05310698706029282 0.3577512893949122 0.682939341460091 0.6666112256400389 0.5186290268012339 0.2790035550149848 0.5824355662216913 0.21980528264764107 0.7701154933282977 0.49578277196252774 0.6970449671511719 0.9856513014915053 0.04543940148938672 0.23059738106152444 0.39152225914299743 0.12456511758521002 0.871842140633525 0.29380001806641226 0.25267740738257427 0.6945703401832972 0.9585080155570626 0.24138939932161177 0.7963672719054837 0.3689154170919816 0.8963103098740538 0.9649800053471695 0.3012315840414579 0.5489599642199875 0.22896386608431052 0.37743130306771405 0.21082806089738013 0.605165663537748 0.22733727054240047 0.06577132123480472 0.46073110877797974 0.8728992867604316 0.5020592378035611 0.40464535337420154 0.8487540962571636 0.11898337217445627 0.40895515016199 0.015882333077971322 0.3154825724575657 0.13390377669579312 0.9425189348134768 0.7791886691049905 0.07055464500664577 0.28072264969891286 0.3827316650212842 0.30749916988284953 0.7695222647440157 0.9658187802561915 0.5964321157843115 0.2504617992961817 0.20847727079975176 0.6583264865694494 0.9213848462689214 0.4408543497173851 0.8192452773488788 0.5783152171347129 0.36205899947915976 0.6205282351350843 0.9164321925944535 0.6899188875152434 0.35808457590884923 0.7026970519726791 0.7021790433525271 0.48136381684774093 0.06435613258564016 0.17656247735557068 0.6329828828747822 0.715733053217712 0.21927055449146368 0.5179737706313011 0.5166149056939507 0.2357008754198161 0.7319532968876553 0.4126858553457282 0.08083558002418625 0.8005430051371063 0.5770230571830748 0.3244746469476149 0.869054525821092 0.0032822943833279994 
2 0.09146846149777471 0.759422684789639 0.4864038455566186 0.8592428554275997 0.6269610936617032 0.07273765691952594 0.0888066893747618 0.1705566318564192 0.14873428372833722 0.6089381486026891 0.7060667803808609 0.8479434074404043 0.09748918786856735 0.16327404125654776 0.536496515187888 0.7214732270609303 0.6220989324986909 0.5244663706761218 0.2641502268496166 0.10432557997060687 0.7529634815600487 0.19218549544705493 0.6243347431267025 0.15953261643333885 0.8962466135478051 0.032448456157628286 0.3456060649931955 0.46258403145937954 0.6633724557340313 0.7862607350474374 0.34990299169480377 0.5877329315395571 0.6515048680242628 0.054092776812739385 0.27294923512026226 0.7876003284659309 0.19385006270808697 0.7090242085906291 0.15347260258042933 0.36765929062665503 0.14248758693028873 0.19526651587303018 0.6642730014180218 0.15981877017250923 0.830105124329757 0.692442064415208 0.7563221520215854 0.38311452692527426 0.009040289282492175 0.41791765626045585 0.5802984019440044 0.9825565088998446 0.6811890961700018 0.20134596423325707 0.18387935847945347 0.45599294156954306 0.6506487009953502 0.4661986551630129 0.2810978531608297 0.6192180793911585 0.3620646042181539 0.09783811414166238 0.559656055325894 0.7086984034721736 0.6540812108644118 0.7373219090468133 0.4556262535013499 0.8285307815110707 0.8376970253269985 0.6779884455111128 0.7938121683516166 0.8302052892315827 0.15659655659025207 0.5663389414922294 0.714151801365869 0.21823259500837872 0.10413726166837782 0.6617367492199037 0.4519674980090458 0.9460822308190577 0.4981664292385932 0.5967995383632347 0.47254815405337924 0.8660693361976909 
2 0.20131042491037854 0.34005435557567276 0.47576513127113446 0.8465347674203898 0.7501277624208716 0.2792071624712108 0.09176828437183214 0.2610477780747188 0.7688489472935788 0.595381225174203 0.6073743830139002 0.9838692587558928 0.09950539543737189 0.1620742379869856 0.5438534389822952 0.059954234574782966 0.45625879771987937 0.33832230581763445 0.21617762109092836 0.9677502388346224 0.922727537220748 0.18601004258674464 0.7206353086285354 0.1515589912170126 0.9480383490715009 0.054067249091477275 0.3297691628493004 0.05289787094371151 0.03543820727251938 0.4336068081251231 0.5072467135956389 0.6787822885409729 0.5739385655210208 0.14709286274907277 0.40030480657155476 0.5579364313541603 0.4642505616734729 0.9922041350802467 0.21183035604970052 0.41236710092621537 0.12110099273825325 0.12076857761981931 0.6538746995205211 0.25374571581117766 0.730039027699403 0.22751091664638362 0.09118624419862287 0.34742687502980946 0.03368022724079008 0.4151237044182523 0.3543747210463131 0.9813453190790918 0.24116247635594518 0.31017937581277794 0.04849854248149671 0.4366046377164329 0.8301490953468019 0.0716062270872064 0.9219616242522802 0.6123510231265485 0.25982910410783394 0.05234600868444861 0.5585513533320386 0.7134522831236123 0.5474330349778194 0.7201371559753926 0.5452401908253875 0.5406096067229061 0.9713832360361287 0.189748168030735 0.6668444519725999 0.5524995168183746 0.8683310072985735 0.5626937231820706 0.5554072548742344 0.8896773586255122 0.07687944678612994 0.3700230081155557 0.05485458323314896 0.9707335747414034 0.444185893014299 0.945069547862306 0.16111762960667675 0.551090241280895 
2 0.43208633200636803 0.32382374027278127 0.37028789751491664 0.018449927937426835 0.5827976986174629 0.7459510649904425 0.3223914690640674 0.1998206845792441 0.43745516942618246 0.5172137941439563 0.8489497714528043 0.9902728399672952 0.09903046140265226 0.19620973086597832 0.4167672311891571 0.0377790108328868 0.6151968091844028 0.32286801974180934 0.21702660645873506 0.9739264748634537 0.6864370783051084 0.26457023347673 0.6086175867533039 0.4522917781727544 0.8797458875522712 0.14883991579611555 0.3468760737432671 0.07642660371304828 0.03539258752297669 0.7222962167095148 0.6632866548697334 0.6593481972610631 0.5760862270283543 0.017664331758502905 0.38575841190040105 0.582892299226062 0.10963035665067111 0.9907282761004963 0.8394073887274849 0.7636800336511935 0.4783037794490206 0.08252754744789619 0.6686587405452072 0.2882746526179227 0.9169111707885432 0.725116586938937 0.44111510858251823 0.27171705351355957 0.05351374410368098 0.43607593388970123 0.8796911683243593 0.9671513641585887 0.28374669718960116 0.38128049558518784 0.06760882624983222 0.31318164469903265 0.6934487912279577 0.4392209614940862 0.8963218387041685 0.6192180793911585 0.3839969903399229 0.8839455118821777 0.559656055325894 0.7517249834049888 0.5520513967579744 0.7588084903886835 0.7651334390897946 0.6051625703321275 0.6859826311988464 0.5860111033910431 0.2683445275254528 0.8756331580429583 0.2515148933244594 0.5844498346539778 0.30493611634195683 0.8771176631875945 0.942981141628813 0.5894762802865635 0.17304695564028863 0.8919807130061628 0.8110324455354625 0.7940050449752333 0.47088844957712145 0.8507591705323947 
2 0.42850182239482987 0.7875393671004122 0.5104609086298436 0.9557718944424076 0.7715467849203171 0.12817352831996204 0.05945510195367856 0.19970576856349148 0.9247153618757656 0.5266891071252678 0.636553411299374 0.7748822306660338 0.5141771273593972 0.19999322074940307 0.24943533739210616 0.15706567715122763 0.9414875019081381 0.320339838495804 0.36603328348101716 0.08473102337744057 0.9452305359556321 0.2681295745110227 0.6111365315153866 0.46543183829956586 0.9340953439603128 0.08621450996990493 0.2689895505195683 0.07702544491220775 0.004600337807493367 0.8581086623021453 0.6636204211358023 0.5479409911688619 0.8157670766195309 0.7964505512433139 0.6006297564615855 0.5767807279668423 0.10419097212120111 0.3505122936027456 0.8156072489346272 0.056758161826967635 0.46821835119137656 0.08003359242630523 0.12613167122588517 0.06792098356153295 0.6581968442823529 0.9015411673441097 0.2990539961931848 0.5272904992663933 0.9575007406238444 0.3360882059708778 0.885437178665529 0.9969310646090506 0.354429087170879 0.3070211284019064 0.04294057062808068 0.33391576463437567 0.6417803420723841 0.43832550000374354 0.3857563395056809 0.5636441294343327 0.37650743853471297 0.887862027634724 0.5880433012477054 0.8465869021584393 0.5457524912339746 0.7386620168604714 0.7138646520335697 0.5631957630256182 0.08578248110121445 0.12481451953062828 0.1734191815998864 0.4277576063949438 0.3681239486553391 0.5711728070808703 0.5487290177074818 0.875761130695953 0.8316129308275029 0.3358113259325529 0.16132236171360473 0.9301019722602051 0.4880212502418774 0.7671406123084301 0.4884652378847751 0.8499283487784188 
2 0.42850182239482987 0.8095470053619546 0.6812672900883495 0.13839483198115177 0.7580627419856282 0.2111128259353391 0.33169483164508845 0.11877144861531214 0.43980595355911667 0.5272581602493437 0.8744348155121965 0.7729504840861431 0.20652579764424278 0.19903625358990967 0.9662746150277947 0.1586408741345201 0.6510981530227419 0.33872885416716597 0.06034670615170759 0.10136689775960128 0.9422928747822665 0.2681295745110227 0.6111365315153866 0.46543183829956586 0.9340953439603128 0.014998240280474966 0.3522804412926066 0.0801474566623768 0.7603779490369937 0.3361451920475815 0.6670003286982427 0.5479218975166662 0.8157670766195309 0.7291260761105213 0.4097311526924818 0.5767807279668423 0.11270327390952875 0.3505122936027456 0.9395827281204705 0.7159814514371182 0.49899982121442776 0.14399625635615246 0.7372673406339053 0.1275301577709705 0.9188016852062011 0.7394172794158567 0.2990738061836241 0.4294466160791235 0.7490748738478161 0.11427067105462656 0.005151747302967524 0.8660238951404544 0.2162856412000706 0.3087411819305286 0.04294057062808068 0.3118013612013063 0.6931281671679355 0.43832550000374354 0.5701493179026739 0.5636441294343327 0.32158887455798424 0.8488936393529605 0.5880433012477054 0.7953267628733395 0.5251450505236402 0.7216610539774653 0.6764428866396774 0.5631957630256182 0.04877013339684054 0.698958219333229 0.9724961528492908 0.7253405437553606 0.9167357214043231 0.7303260398931125 0.3084632602212536 0.875761130695953 0.03494515749687621 0.6128440125740919 0.16132236171360473 0.8916890726922627 0.4880212502418774 0.8304714838470412 0.4884652378847751 0.8499283487784188 
2 0.14429195842733586 0.31482116709314656 0.2244641047436131 0.7969294968995492 0.5724679356605525 0.2569700820674723 0.3426987733248095 0.12879424391896072 0.2700736087211462 0.5366169921807297 0.7354593918145773 0.9756056394580458 0.262210966990819 0.9280381758455608 0.9248676153085726 0.5430350190979942 0.7588534209608172 0.3227374900898009 0.2059607957822538 0.14901007943960154 0.9245001942779486 0.1796660050305859 0.9468508859711915 0.14867693405827326 0.9751659628746827 0.008320735986094337 0.3465393705107839 0.036394261124455624 0.9526746119493921 0.720995989753932 0.22394023046042777 0.6703261949740659 0.5180289689532149 0.9336520634164667 0.40097854387643467 0.550882428122886 0.094490749527811 0.9129010027967741 0.7493653898585397 0.3575535472842867 0.49201400217382035 0.7056338912548807 0.6922910113795492 0.2586322034142745 0.8012090083170592 0.7479624928587454 0.444139021759265 0.45539594554317636 0.625313273106507 0.4233777218493575 0.10375629117321433 0.9893248921133049 0.5256871187263252 0.3154544261604086 0.15528349967064725 0.42591606829263584 0.3018872494545315 0.500949478713582 0.8254267992043168 0.6503780210545967 0.20308607662762362 0.9212057795260272 0.5171195131723441 0.8775486370114994 0.542502742055001 0.7188686381608549 0.6291244845320599 0.8277749065730555 0.2767061540412685 0.16428983581764825 0.19612539869071113 0.8184213559898036 0.24675581799968702 0.704004000728657 0.27728429613481786 0.8578924111476904 0.07117514318275575 0.4461989120684057 0.48329374177664386 0.5695349672076337 0.8889554449947281 0.5384127812841958 0.9077628641026756 0.8065927017312954 
2 0.2506649845422374 0.31482116709314656 0.10156437586063563 0.3877436731357046 0.7553304129283708 0.28843990744839487 0.34281964450988356 0.11477539770303427 0.6009339206844038 0.5358624835773131 0.18915724643098114 0.849219592759223 0.27938734800441556 0.749333640058584 0.3833168281116451 0.5255025270891266 0.48098981559444043 0.2966981177963962 0.2059607957822538 0.08964123193916826 0.5636351967084796 0.18002063005509297 0.935760126488342 0.15549745454201513 0.9703212946189305 0.029388533934275693 0.33119558248623815 0.036394261124455624 0.6533827290526347 0.8871668053488847 0.22394023046042777 0.6160874539501034 0.5180289689532149 0.9336520634164667 0.48798653347399135 0.550882428122886 0.5872852030422782 0.9129010027967741 0.7493653898585397 0.111647795930429 0.2933881240594044 0.7056338912548807 0.523422266913461 0.2600535515283359 0.8012008294130147 0.9711836084486117 0.7835897313418458 0.45539594554317636 0.625313273106507 0.45609341514377477 0.7855919039091769 0.5507769218190703 0.47183524661923903 0.31494037225106275 0.1660169352916557 0.1625926648386759 0.3892137084012164 0.0985927624576475 0.8254267992043168 0.6347435479330058 0.2503700051866529 0.9212057795260272 0.22565785200727986 0.8775486370114994 0.5738932926823347 0.698101983317621 0.16124301554303727 0.8277749065730555 0.7484378178400877 0.16428983581764825 0.6017767764420257 0.8177024690361413 0.24698859146288202 0.6699694193500048 0.27728429613481786 0.8583249729209359 0.13041270740524302 0.5331576384413385 0.15590362697256605 0.5695349672076337 0.43918935156741135 0.5378070030724369 0.9328707609132969 0.010909479011516648 
2 0.17777271759158686 0.34005435557567276 0.4758864927486136 0.8465347674203898 0.5886920320865732 0.2792071624712108 0.2759130938881986 0.2610477780747188 0.7688489472935788 0.5105986230472024 0.6073743830139002 0.9838692587558928 0.09947093860972556 0.18782737887455447 0.8608312653508844 0.059954234574782966 0.45625879771987937 0.3247880975625079 0.21617762109092836 0.9677502388346224 0.252918121655233 0.18601004258674464 0.7206353086285354 0.1515589912170126 0.952390361138547 0.046679437735531897 0.3297691628493004 0.05289787094371151 0.03543820727251938 0.3723889533400141 0.8288333649185257 0.6787822885409729 0.5739385655210208 0.13763922580556337 0.4556818294928051 0.7304745437199589 0.4642505616734729 0.9922041350802467 0.21183035604970052 0.3452699085930883 0.12110099273825325 0.10809100195099514 0.5888151349315699 0.975268855607135 0.7383920707999168 0.6658661871312458 0.09118624419862287 0.34742687502980946 0.03368022724079008 0.0889673332341001 0.3543747210463131 0.9798387132646788 0.24116247635594518 0.29849699520298534 0.04849854248149671 0.4366046377164329 0.8090900596070917 0.0716062270872064 0.9223485246098991 0.5791771735641446 0.28141845625305845 0.8499890222278241 0.22928263180101943 0.7134522831236123 0.5382696624760505 0.7201371559753926 0.5452401908253875 0.9619323428944373 0.9683359277054152 0.189748168030735 0.26743183007371163 0.5524995168183746 0.8683310072985735 0.5607205075774407 0.5554072548742344 0.8896773586255122 0.07687944678612994 0.3700230081155557 0.08254470124289814 0.8079328325506846 0.6226577629519244 0.6562768963146923 0.16111762960667675 0.551090241280895 
2 0.11022619175350369 0.32395518944022594 0.08637216187607036 0.8028437755823412 0.5724679356605525 0.07616831899857351 0.337722405243015 0.13348829099400622 0.6009339206844038 0.5340354067220179 0.18915724643098114 0.9756056394580458 0.4544175028898748 0.7857227608336839 0.407035201701539 0.5719109635471085 0.48098981559444043 0.33110161870292637 0.2059607957822538 0.2140838514402536 0.5636351967084796 0.1866742811762359 0.8926017822687498 0.1485555877455514 0.9849787531862263 0.024597310136315234 0.3465393705107839 0.036394261124455624 0.9971056777100228 0.720995989753932 0.21431030488704222 0.6661684645363873 0.5180289689532149 0.9251656096169483 0.40097854387643467 0.550882428122886 0.094490749527811 0.9129010027967741 0.5373392611751012 0.3679123955214263 0.28551228661672484 0.7284555133369077 0.6922910113795492 0.1625857797327905 0.6411215801502788 0.748312709404859 0.44164743364105075 0.34082756348891485 0.9861058071714679 0.4233777218493575 0.8875071332819847 0.9051833213201628 0.596645557177589 0.3154544261604086 0.16122466328384485 0.43122136661826005 0.3457358664577185 0.500949478713582 0.8275882633841726 0.6207513344761726 0.2508822283242812 0.9212057795260272 0.43756338231559977 0.8775486370114994 0.5371944366924257 0.7198045453907966 0.644618430491873 0.5960501352379702 0.7484378178400877 0.16428983581764825 0.19612539869071113 0.8499937841915127 0.24698859146288202 0.6770449016280287 0.27728429613481786 0.8595681260133 0.0716985261835365 0.5331576384413385 0.48329374177664386 0.5134162369746417 0.9235931564662063 0.5384127812841958 0.9328707609132969 0.8119545379870664 
2 0.5853622929445805 0.7667812278706583 0.42746205383796154 0.5223568501738277 0.7383070476061343 0.07058739641544806 0.33129105126594477 0.1731097345587373 0.4388799625774208 0.538191575009161 0.6263170206811073 0.8345633938674376 0.0788184757043732 0.6972878803992322 0.5380049294585522 0.10204157219756771 0.5866818039714972 0.6438550783344473 0.24751995326205536 0.33432414350254797 0.9737916226135415 0.23523355385488498 0.4262999451232225 0.33603527396150135 0.9353906027361022 0.060534141851142545 0.34281617261193675 0.4945188538603069 0.6620897054957224 0.11981538238396582 0.30381880249057763 0.6011496688972423 0.6304772812861837 0.9326737157968844 0.4273048316516252 0.5899586914467153 0.48207728222564206 0.3529444996130333 0.05101940407062286 0.4055852747761992 0.4576987428364476 0.19067894547972059 0.2526797424091046 0.4747783129646001 0.02213379262796611 0.7001576842987325 0.11287916867628565 0.5719995554985059 0.08025635859530272 0.39380435785549006 0.8114928295263756 0.8816989779142552 0.6854615166467406 0.6660514164938265 0.04648361549072591 0.18199683383782836 0.7509770893798017 0.22160336797876415 0.836739323809489 0.6168350615457755 0.34026984944206173 0.8069883890749303 0.5366254690388256 0.7606563719001955 0.08098876794750443 0.734629409858484 0.56259113578075 0.840146808248769 0.8802865448918198 0.16775266132808953 0.6427724166245327 0.8334202177098576 0.19020424822485102 0.552786141432009 0.7348511484871567 0.23468725701738535 0.6887348885938671 0.14843816498569312 0.46746373197120233 0.9206321379166532 0.6205516993868049 0.5774695303501235 0.4435948102496078 0.042634985879698106 
2 0.5554983114161894 0.7680963143041577 0.42746205383796154 0.5223568501738277 0.33519252896864854 0.13859078470407907 0.33129105126594477 0.17073903662945195 0.4388799625774208 0.538191575009161 0.6263170206811073 0.8345633938674376 0.5015824234601108 0.6972878803992322 0.5152093263007943 0.10204157219756771 0.738784402872878 0.36098560570539706 0.17573376417744702 0.33432414350254797 0.9737916226135415 0.23895502903171933 0.4262999451232225 0.3325593242888605 0.9353906027361022 0.060534141851142545 0.34281617261193675 0.49456395421782917 0.6168243544974429 0.11981538238396582 0.836339718665985 0.7056056281680233 0.5233901770711158 0.9674027095412812 0.4272064281181498 0.5762628480701929 0.48207728222564206 0.3529444996130333 0.05101940407062286 0.9402150633738888 0.45920242069454736 0.006790403343349183 0.2526797424091046 0.4747783129646001 0.02213379262796611 0.7001576842987325 0.11287916867628565 0.5719995554985059 0.08025635859530272 0.13443719667278836 0.808479032028891 0.8864743988739681 0.8326097639421367 0.5848788414863988 0.045514926815104384 0.18199683383782836 0.7568740098917122 0.12006966288036858 0.836739323809489 0.9311489821433223 0.2656471264770009 0.700086790100241 0.5358971104393084 0.7606563719001955 0.08098876794750443 0.7205765443734709 0.044004419480252716 0.840146808248769 0.7905350246618871 0.16775266132808953 0.6427724166245327 0.8334202177098576 0.19020424822485102 0.552786141432009 0.6121970225733344 0.2354502663459054 0.7299447059392374 0.8123132221029912 0.46746373197120233 0.9206321379166532 0.6205516993868049 0.7723958963099851 0.9449703911155941 0.13711303825502139 
2 0.7336168993260914 0.33155253931255085 0.32942053206823485 0.952856536860526 0.8511509705232803 0.9209472389519348 0.32222828781251184 0.22833591696165037 0.6582113033720864 0.5262492826860367 0.699524278185923 0.616649989343149 0.2978440145271827 0.7922123155132773 0.38074628710655267 0.06929909158169255 0.5016513076762994 0.47165914075348614 0.05308582750488649 0.954815366496928 0.9189493738569688 0.24028441363956704 0.5034905007433338 0.3593970833586584 0.8339156215073168 0.14620072702349063 0.4262313663974262 0.057605191096343655 0.041864369648897726 0.18021910575977818 0.2213573860785923 0.7493411074077442 0.5757505829062621 0.19284655793338393 0.37650667216511874 0.18197897925747697 0.3898506113901117 0.7717135951665667 0.6647364300136783 0.16441025272634696 0.12514016860098826 0.6208317164451116 0.2710432344561451 0.22141359320787699 0.11637534665980054 0.6678609367023066 0.09925197352905601 0.49691615033180375 0.16839065233181283 0.2793880504508308 0.37017822179125953 0.5723925785792058 0.41811756911804177 0.4926944038226395 0.08314134650638216 0.29726798452766623 0.7846523971451748 0.02213928162350797 0.5816617454516331 0.5475035186206856 0.2963466291210966 0.9145398096712257 0.5271036243237559 0.7147628286298093 0.5457577896306178 0.7557980661004978 0.8377213888185132 0.9336451133266349 0.14426805308278717 0.10147763235059373 0.25198783661034213 0.3781124712979332 0.7942058230200704 0.7012238154779842 0.5591332852744153 0.26883249129579145 0.29848159357801607 0.5397533892323072 0.10173766135699763 0.8052327120420513 0.929066785488214 0.41749677548697806 0.023752734492367755 0.8526010609782791 
2 0.31962703428235284 0.2560442568107015 0.15348013403665725 0.4712115232253138 0.8291974497156165 0.1419053057806019 0.9052107988004089 0.13862669400651592 0.7327248701340264 0.6155820921846147 0.8821203624076787 0.9354312971569574 0.2249971604049977 0.2363106973790989 0.5274129531611559 0.1488125124136681 0.5741759591589268 0.3219198802668321 0.34875663259501594 0.2591810447884476 0.8843166942203087 0.2402190822028038 0.5832222737685471 0.3733497948631649 0.8725414443337927 0.7339421765203122 0.4395430227710433 0.23030197241100625 0.6455834556000213 0.4010860772072078 0.8591779109488537 0.5418305103102973 0.6446886996559487 0.04465296816988218 0.2796346684292339 0.8725927034819635 0.449167275433347 0.7404489997232011 0.8243848430990299 0.12780461984976255 0.5255326069962727 0.6204329746315645 0.3620195582074496 0.2693756035086673 0.18264488900513787 0.12120718859199203 0.42755253276633515 0.5924393505515608 0.06485050992992608 0.3359826044506864 0.9591665838838636 0.9352860219499264 0.6507786529237038 0.32035783723601996 0.15042276644397184 0.2990637681057382 0.7056771031830044 0.2424790900218139 0.7545810064913901 0.5634393098051245 0.3515688709309909 0.8137041103448803 0.4703175401699678 0.7711679153242406 0.5323163787567888 0.7525897414131383 0.424195261840959 0.9203534085177386 0.15126196722286328 0.599607752696358 0.810185479579515 0.4662768389801482 0.11023725150974127 0.5775597290528127 0.24387129537857044 0.8400750379144338 0.15943683848943213 0.42000600863750503 0.7770366381660707 0.7091120335664624 0.41350494356553624 0.9760669724884091 0.4687578717942637 0.5183102513096545 
2 0.7747448600789411 0.6521149640372839 0.6482356521270728 0.9825660752880638 0.43324425266427247 0.2787147514321509 0.40016215380358156 0.0958245848587278 0.21491476329880488 0.6641910548948853 0.3895421422140628 0.8573991468853199 0.08490603442304209 0.23059738106152444 0.1601302520523715 0.12456511758521002 0.4997043934797517 0.4992541839787311 0.2505301198737576 0.9160630073791242 0.9921181202431224 0.24251092546811082 0.8064976086647022 0.36014934242700913 0.8902012636845721 0.9443317456525578 0.746961065076189 0.5388920742485709 0.22896386608431052 0.4325817719787016 0.21082806089738013 0.5861970082786285 0.21249037816207283 0.9471264079418298 0.8058934837602223 0.8728992867604316 0.5028755794880876 0.31174305783535805 0.8717889722580711 0.11898337217445627 0.12090002414040793 0.015882333077971322 0.1543178953875778 0.801987573284322 0.7966629878058122 0.7791886691049905 0.11870811884955096 0.5687764654047465 0.032028524739925374 0.30749916988284953 0.7673722475870085 0.879040749475807 0.5964321157843115 0.32144406696247046 0.08045661288172987 0.6553803754555766 0.9213848462689214 0.4408543497173851 0.8231360360629988 0.9814408350523915 0.2873119503613842 0.8217784125687796 0.9436605647769948 0.680571320368525 0.36742071938357335 0.7308948875301986 0.6939708106174639 0.47538354041543956 0.06321902445359806 0.18345812657790334 0.6517519164636181 0.45252306670084586 0.22850803256257776 0.7212052741657774 0.5551365315421135 0.32772807616875277 0.7490938326132017 0.42279069956990745 0.027508147728125265 0.9618101498818256 0.5739287183394441 0.5558766270690125 0.28847625078819444 0.8996999475092012 
2 0.7556512213194216 0.32686608727442623 0.42746205383796154 0.5220933665205416 0.33519252896864854 0.19545496987884267 0.5127345518818157 0.13906502624098385 0.42722691705411625 0.5241205140463694 0.6577628219876226 0.8432655015543495 0.48532665069229086 0.20572048910779905 0.5152093263007943 0.14799660484021065 0.5046738972758007 0.36098560570539706 0.17503415609075976 0.39959388260611406 0.9681374539881795 0.22329838225851267 0.36991601161634835 0.24402046606921782 0.5845827581107937 0.057406734365173295 0.34281617261193675 0.4919783211964397 0.5932932222525118 0.36970620170463425 0.6526843912536768 0.7642192751849582 0.5182177085369516 0.9292159235525006 0.41825959626130854 0.7770511019214269 0.48295995696078886 0.8559604749940841 0.8964244377572489 0.9630150629999772 0.45971736873681524 0.006790403343349183 0.21705310098424324 0.47606067831067367 0.02213379262796611 0.6845086321411683 0.9103907300241125 0.2997140881072464 0.8109475510752189 0.19092571570571654 0.8343628539901295 0.8981497469040653 0.13265557809410705 0.6639312532988093 0.8555827978792632 0.355481400464428 0.7530792121800954 0.08102702750392159 0.834990073310302 0.9243198771228882 0.2836962250588409 0.8478472760675325 0.5358971104393084 0.7644950815884363 0.18705543191941185 0.7466434811749095 0.3786417120355924 0.7825893329458822 0.785521898500804 0.6819065205405668 0.9010104953984889 0.4698148651844648 0.9372849649298558 0.5381064967730904 0.6231448051147754 0.20667416957473983 0.6905991967747869 0.5336544680264645 0.1461677776243866 0.9254515666694029 0.9521375998126536 0.7723958963099851 0.9070762041671445 0.0043247734282076955 
2 0.09004373409226685 0.6985391742580552 0.45018825717612654 0.5460512369427946 0.29129825564666695 0.6910997813571809 0.557479050051004 0.14651918563951982 0.4298229221510239 0.6619180927778855 0.19232463017663592 0.8544304028769191 0.10570926603940867 0.01545341962666942 0.5226675017722175 0.07467167807094635 0.6713904365383343 0.5114952099802725 0.24675245006074686 0.0939341922590528 0.9962632620839952 0.3092391353222379 0.6142079918159606 0.556878194765654 0.586111296706225 0.036083098819216876 0.31134509479837635 0.06933481622459142 0.1397222278305928 0.3697998226167479 0.8371075497870797 0.6228463196674632 0.2197700254994471 0.8794987792133551 0.4095658265635264 0.5066288789540383 0.09229850548094395 0.9909812904469913 0.0037869020058408642 0.9966646146646053 0.11843235258613738 0.0914570843779898 0.6146505195475589 0.17545690944402956 0.8289794946024966 0.7056659252937587 0.900872199156876 0.6220506489033774 0.7327032661368799 0.13712277796586664 0.8227124949132519 0.6415572878802293 0.602232530356648 0.30773520914554653 0.04415463898201548 0.4549134291858898 0.7126129939002268 0.5107148327006326 0.7680351658990339 0.936083002526794 0.25789872749336057 0.4262420481464443 0.5361510763436815 0.7464284308586492 0.493895364891201 0.7386339656645706 0.6867740176935431 0.58969768220463 0.025651939512685427 0.7069536510413968 0.20467222421671769 0.8615691218119004 0.24431306756237364 0.6851224596438145 0.5762947543516767 0.1503485862973034 0.2696876219019516 0.5925660650292962 0.1840303273384966 0.9783245011454869 0.6032130874900548 0.58752947558537 0.9986606078638744 0.6452012173787746 
2 0.19040019746445125 0.09507251853747 0.4274444194523896 0.48193921059906264 0.5990944226230712 0.08142517224138413 0.3385694712275197 0.14436202634110365 0.6918951044095226 0.541823666874896 0.7147746736723309 0.8637650793697641 0.11069747505949287 0.14330579695842444 0.4208515873853263 0.4910451841375669 0.8348048198906124 0.32001375708426794 0.24304309689468817 0.28860211658962026 0.9270359443652278 0.2091983257975212 0.5360009602211295 0.21900476854225684 0.9080613928950801 0.18233019986267607 0.4494205989585091 0.18452889390402388 0.6345869176014024 0.36613167407486047 0.9861075315823326 0.6869636242938851 0.5395031338672216 0.8043236477511534 0.26172296080372504 0.41348670549981803 0.10888657802625124 0.19031581243558782 0.6895855463630615 0.13636321707008164 0.47847968870208823 0.4911649385852337 0.13108928683855042 0.27113512360805575 0.2055737059361226 0.5937734034074875 0.40255079307532304 0.6193402633030854 0.24568725133210922 0.2839048233250146 0.8120754357911107 0.8931560949101085 0.41462470610478735 0.3753522518161636 0.041682006789593495 0.2798426534620003 0.8103395668765551 0.07504538842993715 0.9386988700721027 0.8913232092878737 0.2290289019051331 0.16642356045363454 0.6353733331961019 0.3505103552602221 0.6232225995047063 0.7462352707551497 0.05947073767551492 0.5486798326159116 0.8417607396751193 0.07925449014926729 0.10915338583571599 0.4257405714213751 0.14836488636095402 0.6467771618871089 0.5373713752550068 0.9060254371510321 0.2140890532789809 0.5488535829216804 0.19704002946111537 0.8779273426028118 0.577291472580406 0.9593878110091556 0.43213966785796676 0.10199209355156025 
2 0.43531267969344967 0.3223657984796233 0.4778303079682594 0.9765683367139861 0.6027303556151458 0.1456070053460628 0.4210981499311332 0.13576027236793975 0.4309167740329056 0.6219796690142938 0.6463678958299204 0.8472741520403327 0.88773609010694 0.16411884154449558 0.3273129192669476 0.15760251976674008 0.8692447268686082 0.2912812772448376 0.35582619864698745 0.8398680061759037 0.706995529592845 0.2262855538473985 0.5571821809161278 0.2614097521380638 0.8441414331751876 0.03747358227529046 0.43811024210439253 0.25047962738229956 0.5697868759284966 0.10825580169522361 0.842198003956592 0.7493958732887543 0.58426606972074 0.8763091197366238 0.2481323648138901 0.4721856124206154 0.22484999486987003 0.9252974952479901 0.7494504691834791 0.6734862334041789 0.5277886450954432 0.4170736060514639 0.17281950385359118 0.231496964648739 0.3243946131692381 0.3525146075172586 0.8184388834929154 0.6110981842358367 0.8478238716723263 0.34358214391259306 0.6496482463186191 0.9752276073547743 0.8062699610388702 0.6201185892122234 0.8884068126048967 0.1919687009844885 0.7091896177948338 0.11425033781440122 0.8210681137206205 0.8896978278172305 0.2582470388037036 0.10357293278201346 0.6111576116006153 0.662314555125924 0.6249617788068623 0.7228093176992303 0.43314485599233415 0.8724912265691831 0.9529001431757587 0.3861896983666251 0.26467188716119067 0.4261673576984288 0.268739724363151 0.6626260367491968 0.14230565539028572 0.9749937704940757 0.014878727798604052 0.7905197714572625 0.6059280039663134 0.8416397953047168 0.5279484211453904 0.7471501782180934 0.9435644093821949 0.7358577729251842 
2 0.14557596615429708 0.7397220958320289 0.6668861678420326 0.8557388616169145 0.8666940589037058 0.12168029614630128 0.36696985240553176 0.20225809459863586 0.2147512584223647 0.6573770723860922 0.9670464242947252 0.8498988843827843 0.30346573379845154 0.005265291695783006 0.5186232553850667 0.10760266373937726 0.6569211055973618 0.5522596917192243 0.06676753711575878 0.8851297233918471 0.6418130963433941 0.3054271558467499 0.6119393072313504 0.5331436029603019 0.9523302080558199 0.06195103639310683 0.4437787954564189 0.29062657287901855 0.9762654820721599 0.047954872929878295 0.16388174315206772 0.7106496983849635 0.5960887024271014 0.21390297765108546 0.40244553279156736 0.49975938037219614 0.12334366188183583 0.9835494105070696 0.8211508247687147 0.2994959675673811 0.04400165277530488 0.2254557542174105 0.6861006070034268 0.42382560156795057 0.8806951625262776 0.6085907069544972 0.6220083861481124 0.5064795362792025 0.3391769016792237 0.14027082741828772 0.8734923895951202 0.9936451785409093 0.37494269077493586 0.772104754055448 0.0601167131616419 0.3040893004792033 0.644624006196136 0.37939217905460354 0.9972476306588363 0.6374259853496175 0.049507989458117324 0.1122570669515473 0.5754338911199472 0.6666831785447092 0.6254735571974291 0.7223230096101195 0.6910925144935105 0.8137424765818573 0.8923416038557117 0.09670844524585376 0.19444753999752004 0.8814946172447515 0.06272346943193075 0.7262658646343063 0.449957798732749 0.29442632998594337 0.924245897969656 0.8153858807765287 0.06428596140165498 0.9200426783309265 0.6446108144316033 0.9847661901679724 0.9013030455728746 0.8541306397250995 
2 0.15416413612802377 0.29294488442522326 0.37028789751491664 0.8598182035342595 0.5827976986174629 0.07064482057010152 0.3001093387039121 0.13433819298811261 0.4026475065248112 0.5172137941439563 0.7446649747695903 0.9835553920246528 0.09770537940431594 0.19613963534685747 0.3952441098128974 0.08212368726919399 0.6076792119999995 0.32348604564529565 0.21702660645873506 0.9743085955037204 0.6864370783051084 0.24414802431597998 0.6086175867533039 0.37163259213848976 0.9544469605093583 0.14883991579611555 0.348989828679693 0.027576959936853246 0.03539234215272506 0.7222962167095148 0.49220776645885667 0.6600802216168031 0.5283046250450844 0.12031162566319828 0.3859940423707381 0.40946596333730056 0.05279260462554458 0.9924780896030307 0.7972158264615196 0.41000063656532953 0.07063779529781872 0.16598389236728306 0.6298388271921807 0.2878398090293341 0.6997454095679201 0.725116586938937 0.44266878754532446 0.5694356659874464 0.05351374410368098 0.4150586903040349 0.8862088273142732 0.983388387738998 0.247634114759271 0.35707056171741003 0.06640351059970347 0.4178974179801872 0.8293219134622426 0.4548476940968164 0.9203301099898304 0.619025629257018 0.3697888951422274 0.0400401830458299 0.5595431729768169 0.77405166262802 0.5475749825156236 0.7634273503263751 0.5614879632700593 0.6051625703321275 0.9630486600079132 0.5860111033910431 0.27674935864691397 0.8756331580429583 0.2620016462499639 0.5600059832481732 0.5432693513053811 0.9069040269676687 0.942981141628813 0.5734225612619848 4.209542803163546E-4 0.9558757135207634 0.8110324455354625 0.640948045677624 0.1584440130600432 0.8613516992598121 
2 0.10552958795769996 0.3381763755696671 0.491934615903958 0.9863089982929767 0.7217651999800616 0.7536137955808498 0.560719620122203 0.13095792225141817 0.4880560588793421 0.6565121959930017 0.7960793783144429 0.8677121719401003 0.29795376668938783 0.19640128863622566 0.5286709361401848 0.11326114412930881 0.7111668123379912 0.5132045786350569 0.2819312479025692 0.6576574369926691 0.21895682548554807 0.19266071133289242 0.6372653748050893 0.1873297449793915 0.9524272356594933 0.12176074672253406 0.2805084666157639 0.4469720019225142 0.7248571133141608 0.8501362375906211 0.22030489243850332 0.5958112776861633 0.17116771133922082 0.8691338833257302 0.28387165767309464 0.6775519042084757 0.08176943179921034 0.3283226002411097 0.8072271975980971 0.3390985578448821 0.11843107901700467 0.015882333077971322 0.8724163356226038 0.21214356646932797 0.8214631097532347 0.7047626580970016 0.06083720116247132 0.6264034063309515 0.25564981825176575 0.13553464723850167 0.377111777794933 0.8968919539957659 0.5966894092185052 0.37155361253803054 0.04449340038167491 0.4945845463334112 0.8519191855643198 0.07097229621777942 0.7688392990147994 0.9361252804165537 0.32456535636347206 0.16620292476818593 0.537490161418799 0.8542141603810048 0.36742071938357335 0.7386113170374842 0.6885624870562912 0.8401703553566763 0.7423864898910992 0.16061265196733573 0.7416404771952492 0.43729066442781583 0.24851026609977678 0.6028701177028228 0.573805486999353 0.8114414826220024 0.28877922040397674 0.3779787880977001 0.06786578925133871 0.8702011831713634 0.6034037458336959 0.48975689925082416 0.9312784223682734 0.09042468132968229 
2 0.17758163744974806 0.14527944319570502 0.47230849424510174 0.6192797638259945 0.4708927304695804 0.9094139288009739 0.2861541900289304 0.1388658680424597 0.21249563384622328 0.6222755159390588 0.36316603922112756 0.849431811489702 0.23884942946806434 0.6397170812797855 0.15014237747942774 0.15773221148337638 0.5002456208622057 0.3271332762057915 0.23587413554625272 0.9110379979158657 0.9592332939220916 0.18443143277639681 0.9272328783234459 0.17619052425296283 0.8427661662975106 0.05792039579537106 0.4066969875619281 0.5359050008602807 0.6424675489479565 0.2714334741501295 0.07238486613725198 0.5549118689816739 0.11204358050050853 0.946550976575615 0.3160785380039354 0.8724967682595508 0.5028482260127857 0.3082800120367067 0.873809413493748 0.11783669448888165 0.4754652374500229 0.5677652846143912 0.19319042411666998 0.7933939938007082 0.9671279883094697 0.7765095725400979 0.1417434551874937 0.6061547964978907 0.5528919174286586 0.23447179490905876 0.11313940747098017 0.8801076945342071 0.5123151166344465 0.2226192176708922 0.05259193808729805 0.42033682414528983 0.8569980784313295 0.4383717784514216 0.7513992766401709 0.9826513764946416 0.3680125646516179 0.6955859484995011 0.5625105648520312 0.32653312974449294 0.539512388028464 0.7272337163877651 0.6196043651284319 0.49143102860806326 0.8038242540686746 0.17574971998151767 0.6509961611274664 0.4120806502373094 0.25284947136945085 0.7259054474834538 0.5530385935411178 0.3379601040366575 0.3524344228618554 0.42809613914096506 0.5321349682955379 0.9302266163775806 0.5631500352098104 0.5417224054875278 0.2063731188777353 0.05936224880770408 
